0.0
0.000399512
0.000413695
0.000407132
0.000407828
0.000407813
0.000407807
0.000407808
0.000407808
0.000407808
0.000407808
0.000407808
0.000407808
0.000407808
0.000407808
0.000407808
0.000407808
0.000407808
0.000407808
0.000407808
0.000407808
0.000407808
0.000407808
0.000407808
0.000407808
0.000407808
0.000407808
0.000407808
0.000407808
0.000407808
0.000407808
0.000407808
0.000407808
0.000407808
0.000407808
0.000407808
0.000407808
0.000407808
0.000407808
0.000407808
0.000407808
0.000407808
0.000407808
0.000407808
0.000407808
0.000407808
0.000407808
0.000407808
0.000407808
0.000407808
0.000407808
0.000407808
0.000407808
0.000407808
0.000407808
0.000407808
0.000407808
0.000407808
0.000407808
0.000407808
0.000407808
0.000407808
0.000407808
0.000407808
0.000407808
0.000407808
0.000407808
0.000407808
0.000407808
0.000407808
0.000407808
0.000407808
0.000407808
0.000407808
0.000407808
0.000407808
0.000407808
0.000407808
0.000407808
0.000407808
0.000407808
0.000407808
0.000407808
0.000407808
0.000407808
0.000407808
0.000407808
0.000407808
0.000407808
0.000407808
0.000407808
0.000407808
0.000407808
0.000407808
0.000407808
0.000407808
0.000407808
0.000407808
0.000407808
0.000407808
0.000407808
0.000407808
0.000407808
0.000407808
0.000407808
0.000407808
0.000407808
0.000407808
0.000407808
0.000407808
0.000407808
0.000407808
0.000407808
0.000407808
0.000407808
0.000407808
0.000407808
0.000407808
0.000407808
0.000407808
0.000407808
0.000407808
0.000407808
0.000407808
0.000407808
0.000407808
0.000407808
0.000407808
0.000407808
0.000407808
0.000407808
0.000407808
0.000407808
0.000407808
0.000407808
0.000407808
0.000407808
0.000407808
0.000407808
0.000407808
0.000407808
0.000407808
0.000407808
0.000407808
0.000407808
0.000407808
0.000407808
0.000407808
0.000407808
0.000407808
0.000407808
0.000407808
0.000407808
0.000407808
0.000407808
0.000407808
0.000407808
0.000407808
0.000407808
0.000407808
0.000407808
0.000407808
0.000407808
0.000407808
0.000407808
0.000407808
0.000407808
0.000407808
0.000407808
0.000407808
0.000407808
0.000407808
0.000407808
0.000407808
0.000407808
0.000407808
0.000407808
0.000407808
0.000407808
0.000407808
0.000407808
0.000407808
0.000407808
0.000407808
0.000407808
0.000407808
0.000407808
0.000407808
0.000407808
0.000407808
0.000407808
0.000407808
0.000407808
0.000407808
0.000407808
0.000407808
0.000407808
0.000407808
0.000407808
0.000407808
0.000407808
0.000407808
0.000407808
0.000407808
0.000407808
0.000407808
0.000407808
0.000407808
0.000407808
0.000407808
0.000407808
0.000407808
0.000407808
0.000407808
0.000407808
0.000407808
0.000407808
0.000407808
0.000407808
0.000407808
0.000407808
0.000407808
0.000407808
0.000407808
0.000407808
0.000407808
0.000407808
0.000407808
0.000407808
0.000407808
0.000407808
0.000407808
0.000407808
0.000407808
0.000407808
0.000407808
0.000407808
0.000407808
0.000407808
0.000407808
0.000407808
0.000407808
0.000407808
0.000407808
0.000407808
0.000407808
0.000407808
0.000407808
0.000407808
0.000407808
0.000407808
0.000407808
0.000407808
0.000407808
0.000407808
0.000407808
0.000407808
0.000407808
0.000407808
0.000407808
0.000407808
0.000407808
0.000407808
0.000407808
0.000407808
0.000407808
0.000407808
0.000407808
0.000407808
0.000407808
0.000407808
0.000407808
0.000407808
0.000407808
0.000407808
0.000407808
0.000407808
0.000407808
0.000407808
0.000407808
0.000407808
0.000407808
0.000407808
0.000407808
0.000407808
0.000407808
0.000407808
0.000407808
0.000407808
0.000407808
0.000407808
0.000407808
0.000407808
0.000407808
0.000407808
0.000407808
0.000407808
0.000407808
0.000407808
0.000407808
0.000407808
0.000407808
0.000407808
0.000407808
0.000407808
0.000407808
0.000407808
0.000407808
0.000407808
0.000407808
0.000407808
0.000407808
0.000407808
0.000407808
0.000407808
0.000407808
0.000407808
0.000407808
0.000407808
0.000407808
0.000407808
0.000407808
0.000407808
0.000407808
0.000407808
0.000407808
0.000407808
0.000407808
0.000407808
0.000407808
0.000407808
0.000407808
0.000407808
0.000407808
0.000407808
0.000407808
0.000407808
0.000407808
0.000407808
0.000407808
0.000407808
0.000407808
0.000407808
0.000407808
0.000407808
0.000407808
0.000407808
0.000407808
0.000407808
0.000407808
0.000407808
0.000407808
0.000407808
0.000407808
0.000407808
0.000407808
0.000407808
0.000407808
0.000407808
0.000407808
0.000407808
0.000407808
0.000407808
0.000407808
0.000407808
0.000407808
0.000407808
0.000407808
0.000407808
0.000407808
0.000407808
0.000407808
0.000407808
0.000407808
0.000407808
0.000407808
0.000407808
0.000407808
0.000407808
0.000407808
0.000407808
0.000407808
0.000407808
0.000407808
0.000407808
0.000407808
0.000407808
0.000407808
0.000407808
0.000407808
0.000407808
0.000407808
0.000407808
0.000407808
0.000407808
0.000407808
0.000407808
0.000407808
0.000407808
0.000407808
0.000407808
0.000407808
0.000407808
0.000407808
0.000407808
0.000407808
0.000407808
0.000407808
0.000407808
0.000407808
0.000407808
0.000407808
0.000407808
0.000407808
0.000407808
0.000407808
0.000407808
0.000407808
0.000407808
0.000407808
0.000407808
0.000407808
0.000407808
0.000407808
0.000407808
0.000407808
0.000407808
0.000407808
0.000407808
0.000407808
0.000407808
0.000407808
0.000407808
0.000407808
0.000407808
0.000407808
0.000407808
0.000407808
0.000407808
0.000407808
0.000407808
0.000407808
0.000407808
0.000407808
0.000407808
0.000407808
0.000407808
0.000407808
0.000407808
0.000407808
0.000407808
0.000407808
0.000407808
0.000407808
0.000407808
0.000407808
0.000407808
0.000407808
0.000407808
0.000407808
0.000407808
0.000449455
0.327084
0.786835
0.786108
0.821338
0.860838
0.741602
0.631415
0.387197
0.748674
0.809314
0.781393
0.774613
0.89115
0.824754
0.238426
-0.0219846
0.000550185
0.000652482
0.000373988
0.000409373
0.000408
0.000407764
0.000407811
0.000407808
0.000407808
0.000407808
0.000407808
0.000407808
0.00143164
0.0274309
0.0486779
0.0465636
0.0488629
0.0459015
0.0488923
0.0346695
0.00176789
-0.000169598
0.000467671
0.000406735
0.000407245
0.000407895
0.000407803
0.0057175
0.0172298
0.0175777
0.0180914
0.0181262
0.018327
0.0170414
0.00498152
-0.00011317
0.000422459
0.000412011
0.000407084
0.000407854
0.000407811
0.0651131
0.658653
0.9127
0.471408
0.035041
0.0551658
0.0708671
-0.00325559
0.0
0.000496544
0.000400236
0.000407759
0.000407904
0.000407796
0.000489257
0.0155182
0.0555431
0.0528545
0.0039035
0.00375503
0.00821565
0.000878908
0.00169762
0.0208917
0.0209813
0.00283663
0.00183057
0.00387943
0.00109935
0.000297308
0.000414192
0.000408269
0.000407672
0.00040782
0.000407808
0.000407808
0.000407808
0.000407808
0.000407808
0.000407808
0.000407808
0.000407808
0.000407808
0.0461556
0.563005
0.894503
0.586071
0.0377486
0.049312
0.0970979
0.434178
0.375892
0.906005
0.787526
0.0552017
0.0419312
0.0881816
0.371298
0.39339
0.793294
0.80753
0.797834
0.852759
0.717203
0.57056
0.378629
0.774895
0.788932
0.812925
0.807044
0.847171
0.760565
0.196973
-0.0207787
0.00087931
0.000595057
0.000377661
0.000409566
0.000407932
0.000407771
0.000407811
0.000407808
0.000407808
0.000407808
0.000407808
0.000407808
0.00233398
0.0304392
0.0485417
0.0463335
0.0508248
0.0455751
0.0516047
0.0347433
0.000914641
0.0
0.000463497
0.000406011
0.000407389
0.000407884
0.000407803
0.00588592
0.0173215
0.0175003
0.0181984
0.018598
0.0175561
0.0161207
0.00406061
0.0
0.000427561
0.000410828
0.000407179
0.000407855
0.000407809
0.075962
0.686674
0.906451
0.406697
0.0351317
0.0595011
0.0626629
-0.00356673
0.000197743
0.000482155
0.000400511
0.000407892
0.000407883
0.000407797
0.000720656
0.0197529
0.0561616
0.0499668
0.00321744
0.00380489
0.00829528
0.000648092
0.00210854
0.0214978
0.0212294
0.0022844
0.00190425
0.00396083
0.000916594
0.00031105
0.000414536
0.000408062
0.000407695
0.00040782
0.000407808
0.000407808
0.000407808
0.000407808
0.000407808
0.000407808
0.000407808
0.000407808
0.000407808
0.0579506
0.629699
0.903558
0.516302
0.0357277
0.0524963
0.100929
0.432772
0.414486
0.917369
0.725235
0.0468153
0.0445016
0.0912575
0.402127
0.43053
0.813057
0.808689
0.771699
0.827308
0.719754
0.520685
0.369382
0.77838
0.776956
0.828204
0.845733
0.79454
0.695334
0.159046
-0.0191759
0.00111483
0.000545262
0.000381433
0.000409656
0.000407875
0.000407777
0.000407811
0.000407808
0.000407808
0.000407808
0.000407808
0.000407808
0.00424874
0.0338762
0.0494515
0.047243
0.0527095
0.0464358
0.0545858
0.0337962
0.000248228
0.0
0.000458519
0.000405517
0.000407512
0.000407874
0.000402485
0.00602008
0.0174897
0.017719
0.0180215
0.018691
0.016899
0.0152279
0.00324106
0.0
0.000430811
0.000409829
0.000407272
0.000407855
0.000407808
0.0851481
0.728705
0.885156
0.346766
0.0357387
0.0637709
0.0544023
-0.00367543
0.000309185
0.000468792
0.000400956
0.000407991
0.000407865
0.000407798
0.00118191
0.0229861
0.0571758
0.0462833
0.00275157
0.00400045
0.00826008
0.000457379
0.00337817
0.0215955
0.0210802
0.00183722
0.00195595
0.00398381
0.000760934
0.000324644
0.000414581
0.000407896
0.000407717
0.000407819
0.000407808
0.000407808
0.000407808
0.000407808
0.000407808
0.000407808
0.000407808
0.000407808
0.000407808
0.0690315
0.669077
0.913078
0.449518
0.0350083
0.0566998
0.104845
0.421309
0.472411
0.905299
0.657135
0.0408964
0.0471413
0.0943531
0.421326
0.463953
0.810722
0.791689
0.769666
0.789433
0.742755
0.507082
0.357322
0.777019
0.787042
0.821331
0.860828
0.741603
0.631415
0.125028
-0.0173223
0.00127142
0.000502887
0.000385159
0.000409665
0.00040783
0.000407783
0.000407811
0.000407808
0.000407808
0.000407808
0.000407808
0.000407808
0.00660689
0.0361445
0.050236
0.0489496
0.0531494
0.048173
0.0576708
0.0320662
-0.000254322
0.000122434
0.000453089
0.000405216
0.000407616
0.000407864
0.000400899
0.00668462
0.0178895
0.0179279
0.0176323
0.0184875
0.0166857
0.0143852
0.00252521
0
0.000432544
0.000409002
0.00040736
0.000407853
0.000407807
0.092464
0.785439
0.883104
0.29316
0.0359002
0.0690829
0.0463655
-0.00362639
0.000397271
0.000456643
0.000401516
0.00040806
0.000407849
0.0004078
0.00166741
0.0266498
0.0568421
0.0421481
0.00247063
0.00423454
0.00798948
0.000323603
0.00520764
0.0214587
0.0204159
0.00148049
0.00200177
0.00399174
0.000630943
0.000337686
0.000414396
0.000407767
0.000407736
0.000407818
0.000407808
0.000407808
0.000407808
0.000407808
0.000407808
0.000407808
0.000407808
0.000407808
0.000407808
0.0790784
0.698581
0.899893
0.386106
0.0353858
0.0608092
0.107948
0.402485
0.549828
0.892043
0.586549
0.0377147
0.0493108
0.0970985
0.431596
0.483274
0.791217
0.762447
0.787563
0.748617
0.780592
0.515834
0.36858
0.79469
0.807638
0.797803
0.852762
0.717203
0.57056
0.0950881
-0.0153377
0.00136284
0.000467534
0.000388728
0.000409612
0.000407795
0.000407788
0.000407811
0.000407808
0.000407808
0.000407808
0.000407808
0.000407808
0.00880398
0.0377209
0.0498579
0.0498965
0.0524136
0.0505221
0.0595887
0.0297292
-0.000615805
0.000197413
0.00044749
0.000405069
0.000407701
0.000407854
0.000421583
0.00772959
0.0181135
0.0178374
0.0173612
0.0180648
0.0168272
0.0138184
0.00191146
0.0
0.000433065
0.000408334
0.000407442
0.00040785
0.000407807
0.0983341
0.824685
0.897777
0.246217
0.0360695
0.074528
0.0387586
-0.00345876
0.00046472
0.000445809
0.000402146
0.000408105
0.000407836
0.000407801
0.00216612
0.0315433
0.0557576
0.0377792
0.00237753
0.0044608
0.00753849
0.000264152
0.00685049
0.0216839
0.0193129
0.00123522
0.00202887
0.00403311
0.000524704
0.000349886
0.000414043
0.00040767
0.000407753
0.000407817
0.000407807
0.000407808
0.000407808
0.000407808
0.000407808
0.000407808
0.000407808
0.000407808
0.000407808
0.0877204
0.746446
0.88176
0.327999
0.0358128
0.0655351
0.110314
0.380125
0.613743
0.901865
0.516712
0.0356938
0.052496
0.10093
0.434213
0.515162
0.781465
0.749871
0.820065
0.733842
0.828512
0.517309
0.408753
0.814538
0.80875
0.771674
0.82731
0.719754
0.520685
0.069221
-0.0133173
0.00140164
0.000438672
0.000392064
0.000409514
0.000407769
0.000407793
0.00040781
0.000407808
0.000407808
0.000407808
0.000407808
0.000407808
0.0107954
0.0401438
0.0486555
0.0496519
0.0508058
0.0532613
0.0597705
0.027002
-0.000858146
0.000261329
0.000441943
0.000405046
0.000407769
0.000407846
0.000472789
0.00864761
0.0180284
0.0175217
0.0174368
0.0174886
0.0172344
0.0137811
0.00139533
0.000130337
0.000432647
0.000407808
0.000407516
0.000407846
0.000407806
0.105155
0.836856
0.894649
0.204731
0.0364635
0.0796577
0.031725
-0.0032062
0.000514267
0.000436329
0.000402809
0.000408129
0.000407825
0.000407802
0.00268286
0.0363919
0.0558647
0.0333651
0.00239464
0.00470536
0.00696465
0.000303099
0.00820895
0.022024
0.0178975
0.00108257
0.00211214
0.00402359
0.000439992
0.000361051
0.000413572
0.000407601
0.000407767
0.000407816
0.000407807
0.000407808
0.000407808
0.000407808
0.000407808
0.000407808
0.000407808
0.000407808
0.000407808
0.0945729
0.801934
0.887375
0.277093
0.0359209
0.0707998
0.111583
0.354782
0.651519
0.912024
0.449863
0.0349754
0.0567
0.104846
0.440171
0.56511
0.7931
0.760374
0.859736
0.743188
0.882565
0.50349
0.44519
0.812221
0.791712
0.769645
0.789436
0.742754
0.507365
0.0472922
-0.0113349
0.00139911
0.000415687
0.000395113
0.000409383
0.00040775
0.000407797
0.00040781
0.000407808
0.000407808
0.000407808
0.000407808
0.000407808
0.0123633
0.042664
0.0482
0.0485075
0.0485835
0.0556078
0.0586242
0.0240656
-0.00100189
0.000314753
0.000436614
0.000405118
0.000407823
0.000407838
0.000654002
0.00945753
0.0177555
0.0171206
0.0177742
0.0169989
0.0178309
0.014047
0.000970232
0.000176926
0.000431526
0.000407408
0.000407582
0.000407842
0.000407806
0.112978
0.841664
0.874131
0.16853
0.0369843
0.0848891
0.0253551
-0.00289708
0.000548577
0.000428186
0.000403475
0.000408138
0.000407816
0.000407803
0.00317628
0.0395883
0.0566752
0.0290778
0.00246474
0.00502743
0.00631575
0.000373997
0.00971237
0.0219291
0.0163121
0.00101313
0.00220972
0.00390454
0.000374416
0.000371067
0.000413028
0.000407554
0.00040778
0.000407815
0.000407807
0.000407808
0.000407808
0.000407808
0.000407808
0.000407808
0.000407808
0.000407808
0.000407808
0.100483
0.831436
0.899235
0.231582
0.0361885
0.0763365
0.113216
0.327853
0.68037
0.89936
0.38639
0.0353547
0.0608099
0.107948
0.454164
0.600898
0.813725
0.788123
0.876733
0.77061
0.939545
0.484326
0.467413
0.792681
0.762441
0.787547
0.748619
0.780592
0.524423
0.029072
-0.00944536
0.00136518
0.000397921
0.000397846
0.000409233
0.000407738
0.0004078
0.00040781
0.000407808
0.000407808
0.000407808
0.000407808
0.000407808
0.0136417
0.0438964
0.0488776
0.0471328
0.0469497
0.0562929
0.0565032
0.0210645
-0.00106588
0.000358459
0.000431625
0.000405259
0.000407863
0.000407831
0.00093707
0.0105472
0.0177343
0.0170541
0.0183001
0.0169135
0.0185524
0.0139937
0.00062821
0.000219874
0.000429907
0.000407115
0.000407639
0.000407838
0.000407806
0.121587
0.866449
0.869876
0.13789
0.0379984
0.0896782
0.0196968
-0.00255486
0.00057017
0.000421324
0.000404123
0.000408133
0.000407809
0.000407804
0.00367452
0.0416075
0.0562861
0.0249943
0.00261799
0.00539688
0.00563061
0.00047205
0.0116108
0.0215858
0.014631
0.0010311
0.00230718
0.00370092
0.000325535
0.000379884
0.000412444
0.000407527
0.00040779
0.000407814
0.000407807
0.000407808
0.000407808
0.000407808
0.000407808
0.000407808
0.000407808
0.000407808
0.000407808
0.107633
0.836354
0.889052
0.192085
0.0365907
0.0812639
0.117054
0.300291
0.728325
0.881641
0.328228
0.0357841
0.0655362
0.110314
0.462318
0.618458
0.814032
0.8142
0.869601
0.810916
0.986598
0.492516
0.391615
-0.00468521
-0.00352248
0.000984076
0.000378325
0.000404903
0.00193633
0.705318
0.0901083
-0.0187019
0.0018634
0.000441339
0.000386282
0.000410242
0.118321
0.856241
0.868547
0.147528
0.0374277
0.0883758
0.0215024
-0.00267136
0.000564237
0.000423473
0.00040391
0.000408136
0.000407811
0.000407804
0.000407809
0.000407808
0.000407808
0.000407808
0.000407808
0.000407808
0.000407808
0.0391617
0.507088
0.900682
0.0333932
-0.0141504
0.0019325
0.000378726
0.00720078
0.332119
0.0559013
-0.0105988
0.00120116
0.000433037
0.000395162
0.000538762
0.33226
0.790224
0.793401
0.815102
0.86042
0.730036
0.610719
0.363524
0.114234
-0.0142428
0.000993794
0.000503141
0.000388391
0.000409238
0.195919
0.503955
-0.0325955
-0.0011789
0.00100446
0.000348083
0.000408637
0.000408402
0.00040772
0.000407813
0.000407808
0.000407808
0.000407808
0.000407808
0.0202973
0.40175
0.921289
0.746248
0.0492966
0.0436245
0.0943051
0.00108457
-0.000785524
0.000556629
0.000402292
0.000406782
0.000408008
0.000407794
0.000407808
0.229524
0.542453
0.148872
-0.0170246
0.00095186
0.00054137
0.000383861
0.0945745
0.288766
-0.0173223
-0.000654469
0.000755912
0.000374568
0.000408081
0.0690318
0.669077
0.913078
0.449518
0.0350083
0.0566998
0.0681593
0.0314596
0.423748
0.0155343
-0.00655882
0.00114517
0.000392874
0.000401097
0.000408865
0.000407748
0.000407803
0.000407809
0.000407808
0.000407808
0.000407808
0.000410293
0.128272
0.890464
0.879593
0.120134
0.039026
0.0917083
0.0163275
0.0998915
0.835589
0.898126
0.217878
0.0363411
0.0780706
0.0339992
-0.00329797
0.000499573
0.000439339
0.000402586
0.000408123
0.000407828
0.000407802
0.137235
0.268933
0.433092
-0.00744198
-0.00362206
0.00102958
0.000373518
0.0165187
0.382961
0.0383019
-0.00901404
0.00119995
0.000414556
0.000397604
0.0017726
0.368219
0.811231
0.809497
0.787123
0.845955
0.715397
0.551181
0.387074
0.0890048
-0.012778
0.00109809
0.000472209
0.000391228
0.000409229
0.27404
0.435966
-0.0332819
-0.000289034
0.000895618
0.000351915
0.000409414
0.000408254
0.00040773
0.000407813
0.000407808
0.000407808
0.000407808
0.000407808
0.0313814
0.457693
0.915233
0.679743
0.0426075
0.0462391
0.0909952
-0.000582533
-0.000527567
0.000542347
0.000401134
0.000407102
0.000407979
0.000407794
0.0004134
0.231137
0.540452
0.118264
-0.0154917
0.00111047
0.000502501
0.000387102
0.100484
0.251436
-0.0179789
-0.000129127
0.000694615
0.000376443
0.000408555
0.221579
0.706965
0.781046
0.799575
0.806053
0.910019
0.98608
0.435599
0.336215
-0.0134456
-0.00172188
0.000850552
0.000374689
0.000406952
0.0107226
0.773896
0.0348822
-0.0131405
0.00178231
0.00038658
0.00039443
0.000648162
0.161046
0.907648
0.888221
0.0984094
0.0400023
0.0933853
0.0118709
-0.00196052
0.000584132
0.000412499
0.000405118
0.000408106
0.0004078
0.000407805
0.000407808
0.000407808
0.000407808
0.000407808
0.000407808
0.000407808
0.000407808
0.0614891
0.645591
0.85221
-0.00477817
-0.00892735
0.00169527
0.000348461
0.0277085
0.413371
0.0236702
-0.00750244
0.00117345
0.000400258
0.000399795
0.00505455
0.42243
0.82206
0.804043
0.768454
0.815849
0.725443
0.51225
0.40047
0.0669227
-0.0112362
0.00115525
0.000446564
0.000393925
0.000409176
0.340528
0.370104
-0.032717
0.000411411
0.000796949
0.00035664
0.000409953
0.000408128
0.000407741
0.000407813
0.000407808
0.000407808
0.000407808
0.000407808
0.0427511
0.534534
0.896407
0.609742
0.0385543
0.048656
0.0855484
-0.00182063
-0.000300841
0.000527122
0.000400468
0.000407369
0.000407952
0.000407794
0.00128386
0.240198
0.532554
0.0911397
-0.0138104
0.00120862
0.000469831
0.00039024
0.107635
0.21489
-0.0178854
0.00028844
0.000638655
0.000378883
0.000408893
0.0877206
0.746446
0.88176
0.327999
0.0358128
0.0655351
0.0516869
0.0538682
0.412909
-0.00265942
-0.00404104
0.00102838
0.000378604
0.000404346
0.000408606
0.000407744
0.000407807
0.000407809
0.000407808
0.000407808
0.000407808
0.00202896
0.229814
0.900303
0.873615
0.080462
0.0407713
0.0938305
0.00810557
0.116302
0.856416
0.868548
0.147525
0.037428
0.0883757
0.0215024
-0.00267136
0.000564237
0.000423473
0.00040391
0.000408136
0.000407811
0.000407804
0.196454
0.34953
0.364603
-0.0161344
-0.00170253
0.000879634
0.000370641
0.039161
0.42637
0.0117721
-0.00609539
0.00112854
0.000389609
0.000401722
0.0103997
0.461877
0.811995
0.782155
0.773716
0.774798
0.75397
0.509991
0.411068
0.0479518
-0.00968556
0.00117467
0.000425775
0.000396428
0.000409092
0.418617
0.30799
-0.031217
0.000944924
0.000709212
0.000361892
0.000410295
0.000408021
0.000407751
0.000407813
0.000407808
0.000407808
0.000407808
0.000407808
0.0542219
0.610776
0.898302
0.539316
0.0362304
0.0513661
0.0786495
-0.00269191
-0.000105227
0.00051167
0.000400197
0.000407586
0.000407927
0.000407795
0.00727179
0.247427
0.532557
0.0675453
-0.0120704
0.00125754
0.000442939
0.000393198
0.115479
0.180122
-0.0172234
0.000610416
0.000588567
0.000381677
0.000409115
0.266409
0.735467
0.808236
0.761333
0.755925
0.928307
0.903343
0.38482
0.266298
-0.0169683
-0.000436698
0.000723138
0.000376313
0.000408237
0.027622
0.76436
-0.00105806
-0.00838517
0.00158028
0.000357191
0.000400668
0.00524366
0.310215
0.895318
0.838238
0.0660503
0.0412972
0.094208
0.00498839
-0.00128094
0.0005758
0.0004056
0.000406122
0.000408055
0.000407795
0.000407807
0.000407808
0.000407808
0.000407808
0.000407808
0.000407808
0.000407808
0.000407808
0.0822024
0.712673
0.74573
-0.0263484
-0.00484341
0.00141242
0.000337586
0.0501633
0.42273
0.00234045
-0.00481345
0.00107105
0.000382083
0.000403387
0.02393
0.490329
0.790155
0.754657
0.79704
0.740607
0.795656
0.525251
0.415671
0.0319637
-0.00817831
0.0011647
0.000409357
0.000398702
0.000408986
0.487169
0.250737
-0.0290531
0.00133403
0.000632638
0.000367375
0.000410476
0.000407933
0.00040776
0.000407813
0.000407808
0.000407808
0.000407808
0.000407808
0.0651131
0.658653
0.9127
0.471408
0.035041
0.0551658
0.0708671
-0.00325559
0.0
0.000496544
0.000400236
0.000407759
0.000407904
0.000407796
0.0194567
0.252333
0.516745
0.0474022
-0.0103419
0.00126737
0.000421317
0.000396106
0.125128
0.147831
-0.0161498
0.000849168
0.000544572
0.000384649
0.000409242
0.100483
0.831436
0.899235
0.231582
0.0361885
0.0763365
0.0363449
0.0752881
0.360112
-0.0128734
-0.00207814
0.000890627
0.000373615
0.000406621
0.000408366
0.000407749
0.000407809
0.000407809
0.000407808
0.000407808
0.000407808
0.0130466
0.371086
0.91159
0.786849
0.055225
0.0419361
0.0949408
0.00270401
0.159663
0.907805
0.888217
0.0984081
0.0400026
0.0933853
0.0118709
-0.00196052
0.000584132
0.000412499
0.000405118
0.000408106
0.0004078
0.000407805
0.23037
0.445745
0.285176
-0.0193145
-0.0003505
0.000739408
0.000373161
0.0614898
0.406319
-0.00490727
-0.00366821
0.00100583
0.000377181
0.000404798
0.0417182
0.536505
0.787091
0.750539
0.833371
0.734596
0.84602
0.525148
0.41956
0.0187643
-0.00675277
0.00113266
0.000396799
0.000400729
0.000408868
0.551763
0.199035
-0.0264531
0.00160057
0.00056704
0.000372859
0.000410527
0.000407862
0.000407769
0.000407813
0.000407808
0.000407808
0.000407808
0.000407808
0.075962
0.686674
0.906451
0.406697
0.0351317
0.0595011
0.0626629
-0.00356673
0.000197743
0.000482155
0.000400511
0.000407892
0.000407883
0.000407797
0.0377087
0.260156
0.500154
0.0305387
-0.00867791
0.0012471
0.000404408
0.000495709
0.145537
0.11847
-0.0147972
0.00101681
0.000506638
0.000387661
0.000409293
0.303856
0.783125
0.796337
0.801914
0.794868
0.862999
0.782213
0.341205
0.195741
-0.017054
0.000404442
0.000613635
0.000380806
0.000408935
0.0538256
0.676576
-0.0217528
-0.0046338
0.00133083
0.00034584
0.000405093
0.0240585
0.417557
0.921773
0.72462
0.0468442
0.044505
0.0934865
0.00047729
-0.00069611
0.000552024
0.000401845
0.000406895
0.000407998
0.000407794
0.000407808
0.000407808
0.000407808
0.000407808
0.000407808
0.000407808
0.000407808
0.000407808
0.0963821
0.814932
0.600017
-0.0358513
-0.00188103
0.001135
0.000339191
0.0726529
0.38071
-0.0102574
-0.0026641
0.00093684
0.000374435
0.00040597
0.0781637
0.590413
0.803641
0.767465
0.868519
0.750596
0.901371
0.51831
0.415952
0.00811558
-0.0054355
0.00108485
0.000387587
0.000402501
0.000434286
0.61707
0.153232
-0.023605
0.00176511
0.000511923
0.000378165
0.000410478
0.000407806
0.000407777
0.000407812
0.000407808
0.000407808
0.000407808
0.000407808
0.0851481
0.728705
0.885156
0.346766
0.0357387
0.0637709
0.0544023
-0.00367543
0.000309185
0.000468792
0.000400956
0.000407991
0.000407865
0.000407798
0.0535637
0.262171
0.486816
0.0167184
-0.00711681
0.00120455
0.000391636
0.00131986
0.203596
0.0922885
-0.0132757
0.00112486
0.000474547
0.000390606
0.000409283
0.115478
0.847908
0.869883
0.157772
0.0371826
0.0867185
0.0233887
0.0913794
0.288916
-0.0173043
-0.000658586
0.000756241
0.000374574
0.000408076
0.000408164
0.000407758
0.00040781
0.000407808
0.000407808
0.000407808
0.000407808
0.0352521
0.481382
0.908661
0.656588
0.0409288
0.0471435
0.0893807
0.00379454
0.309359
0.895448
0.838231
0.0660497
0.0412974
0.094208
0.00498839
-0.00128094
0.0005758
0.0004056
0.000406122
0.000408055
0.000407795
0.000407807
0.231573
0.522251
0.20697
-0.0189367
0.00051972
0.000620635
0.00037853
0.0822037
0.348918
-0.0139888
-0.00179992
0.000867194
0.000373421
0.000406923
0.122323
0.622597
0.818229
0.799174
0.876757
0.782846
0.958663
0.504964
0.404092
-0.000245941
-0.00424326
0.00102656
0.000381222
0.000404023
0.000857562
0.667357
0.113403
-0.0206598
0.00184663
0.000466571
0.000383164
0.000410355
0.000407763
0.000407784
0.000407812
0.000407808
0.000407808
0.000407808
0.000407808
0.092464
0.785439
0.883104
0.29316
0.0359002
0.0690829
0.0463655
-0.00362639
0.000397271
0.000456643
0.000401516
0.00040806
0.000407849
0.0004078
0.0747477
0.260546
0.472056
0.00566284
-0.00568452
0.00114641
0.000382427
0.0039216
0.28551
0.0693756
-0.0116747
0.00118402
0.000447943
0.000393405
0.000413122
0.32525
0.785641
0.780643
0.82573
0.85869
0.756976
0.652456
0.351238
0.132767
-0.015135
0.000893024
0.000526874
0.000386458
0.000409213
0.156608
0.549395
-0.0312657
-0.00188808
0.00108199
0.000346238
0.000407967
0.0461563
0.563005
0.894503
0.586071
0.0377486
0.049312
0.0833798
-0.00214881
-0.000232216
0.000521966
0.000400338
0.000407447
0.000407943
0.000407794
0.000407808
0.000407808
0.000407808
0.000407808
0.000407808
0.000407808
0.000407808
0.000407808
0.110324
0.837733
0.447843
-0.037279
0.0
0.000891992
0.000347858
0.0901772
0.313445
-0.0163668
-0.00107026
0.000799301
0.000373758
0.000407677
0.163317
0.64239
0.811208
0.816951
0.862953
0.826437
0.994549
0.484598
0.384124
-0.00659501
-0.00318477
0.00096217
0.000377231
0.000405305
0.00269855
0.720137
0.0794106
-0.0177357
0.00186228
0.000430122
0.000387769
0.000410178
0.000407732
0.00040779
0.000407811
0.000407808
0.000407808
0.000407808
0.000407808
0.0983341
0.824685
0.897777
0.246217
0.0360695
0.074528
0.0387586
-0.00345876
0.00046472
0.000445809
0.000402146
0.000408105
0.000407836
0.000407801
0.112969
0.258556
0.451292
-0.0029295
-0.00439661
0.00107827
0.000376232
0.00980671
0.351595
0.0496926
-0.0100649
0.00120403
0.000426379
0.000396003
0.000506466
0.145536
0.904966
0.888073
0.10505
0.0397226
0.0930595
0.0132779
0.105146
0.215066
-0.0178791
0.000285559
0.00063896
0.000378877
0.00040889
0.000408006
0.000407769
0.000407811
0.000407808
0.000407808
0.000407808
0.000407808
0.0579506
0.629699
0.903558
0.516302
0.0357277
0.0524963
0.0761287
0.0207384
0.417102
0.921872
0.724613
0.0468441
0.0445051
0.0934865
0.00047729
-0.00069611
0.000552024
0.000401845
0.000406895
0.000407998
0.000407794
0.000407808
0.2291
0.543395
0.138291
-0.0165365
0.00101218
0.000527704
0.000384947
0.0963837
0.276311
-0.0176367
-0.000466652
0.000734935
0.000375115
0.000408256
0.200794
0.678512
0.788981
0.812344
0.8328
0.877258
0.997997
0.455623
0.357149
-0.0112059
-0.00226236
0.000895216
0.000375178
0.000406362
0.00650029
0.754161
0.0509625
-0.0149221
0.00182723
0.000401633
0.000391924
0.000409967
0.000407711
0.000407795
0.000407811
0.000407808
0.000407808
0.000407808
0.000407808
0.105155
0.836856
0.894649
0.204731
0.0364635
0.0796577
0.031725
-0.0032062
0.000514267
0.000436329
0.000402809
0.000408129
0.000407825
0.000407802
0.150223
0.278276
0.422742
-0.00936775
-0.00326028
0.0010047
0.000372531
0.0202949
0.394947
0.0331057
-0.00850024
0.00119356
0.000409351
0.000398363
0.00266441
0.385908
0.817521
0.809821
0.777844
0.837409
0.716327
0.533583
0.392238
0.081294
-0.0122689
0.0011219
0.000463093
0.000392145
0.000409216
0.297786
0.413684
-0.0332161
0.0
0.000861548
0.000353411
0.000409618
0.0690319
0.669077
0.913078
0.449518
0.0350083
0.0566998
0.0681593
-0.00338478
0.000109189
0.000491649
0.000400305
0.000407808
0.000407896
0.000407796
0.000407808
0.000407808
0.000407808
0.000407808
0.000407808
0.000407808
0.000407808
0.000410293
0.128272
0.890464
0.309076
-0.0338588
0.00127923
0.000696363
0.000359648
0.10262
0.239111
-0.0180216
0.0
0.000675335
0.000377205
0.000408682
0.230562
0.717295
0.781011
0.790833
0.791146
0.921106
0.976628
0.42559
0.32512
-0.0143436
-0.0014734
0.000828468
0.000374668
0.000407214
0.0133381
0.779242
0.027657
-0.0122835
0.0017547
0.000380128
0.000395603
0.000409737
0.000407698
0.0004078
0.00040781
0.000407808
0.000407808
0.000407808
0.000407808
0.112978
0.841664
0.874131
0.16853
0.0369843
0.0848891
0.0253551
-0.00289708
0.000548577
0.000428186
0.000403475
0.000408138
0.000407816
0.000407803
0.180933
0.315788
0.389064
-0.013957
-0.00227613
0.000929384
0.000370851
0.0313801
0.419726
0.0194132
-0.00702058
0.00116021
0.000396329
0.000400466
0.00392805
0.285517
0.894316
0.851969
0.070601
0.04118
0.0937885
0.00595876
0.12333
0.148002
-0.0161511
0.000847329
0.000544829
0.000384637
0.000409241
0.000407892
0.00040778
0.000407811
0.000407808
0.000407808
0.000407808
0.000407808
0.0790784
0.698581
0.899893
0.386106
0.0353858
0.0608092
0.0599002
0.0421246
0.562835
0.894572
0.586064
0.0377487
0.049312
0.0833797
-0.00214881
-0.000232216
0.000521966
0.000400338
0.000407447
0.000407943
0.000407794
0.00245929
0.242392
0.534033
0.0828843
-0.0132331
0.00122988
0.000460249
0.000391249
0.110326
0.203063
-0.0177196
0.000405775
0.00062129
0.000379785
0.000408979
0.255029
0.732824
0.794019
0.765189
0.760782
0.934007
0.937041
0.400647
0.290234
-0.0162578
-0.000811588
0.000764033
0.000375349
0.000407883
0.0216882
0.77766
0.00902199
-0.00986356
0.00165595
0.000364638
0.000398799
0.000409499
0.000407692
0.000407803
0.00040781
0.000407808
0.000407808
0.000407808
0.000407808
0.121587
0.866449
0.869876
0.13789
0.0379984
0.0896782
0.0196968
-0.00255486
0.00057017
0.000421324
0.000404123
0.000408133
0.000407809
0.000407804
0.204652
0.366355
0.351808
-0.0169895
-0.00143969
0.00085516
0.000370765
0.0427507
0.426819
0.00836792
-0.00565344
0.00111051
0.000386779
0.000402306
0.0142255
0.471295
0.804935
0.772027
0.77975
0.760077
0.766641
0.514886
0.413726
0.0422995
-0.00917617
0.00117423
0.000419842
0.000397212
0.000409059
0.444303
0.288324
-0.0305574
0.00108957
0.000682449
0.000363707
0.000410372
0.0877206
0.746446
0.88176
0.327999
0.0358128
0.0655351
0.0516869
-0.00367457
0.000341009
0.000464601
0.000401132
0.000408017
0.000407859
0.000407799
0.000407809
0.000407808
0.000407808
0.000407808
0.000407808
0.000407808
0.000407808
0.00202896
0.229814
0.900303
0.193735
-0.0280104
0.0018675
0.000550286
0.00037192
0.118324
0.169056
-0.0169043
0.000698642
0.000573222
0.000382655
0.000409167
0.271121
0.739685
0.811814
0.763195
0.757381
0.921906
0.884855
0.378079
0.254297
-0.0171779
-0.000268017
0.000703441
0.000376917
0.000408389
0.0309797
0.754198
-0.00545319
-0.00768824
0.00154041
0.000354232
0.000401525
0.000409264
0.000407691
0.000407806
0.00040781
0.000407808
0.000407808
0.000407808
0.000429243
0.134456
0.899324
0.885276
0.112102
0.0394244
0.0925135
0.0147631
-0.00219848
0.000581377
0.000415659
0.000404735
0.000408119
0.000407803
0.000407805
0.223355
0.419531
0.312089
-0.018738
-0.000742794
0.000784167
0.000371895
0.0542222
0.41849
-0.000303885
-0.00441617
0.00104996
0.000380182
0.000403885
0.0202982
0.40175
0.921289
0.746248
0.0492966
0.0436245
0.0943051
0.00200388
0.202402
0.0924374
-0.0132812
0.00112383
0.000474746
0.000390592
0.000409283
0.000407817
0.00040779
0.00040781
0.000407808
0.000407808
0.000407808
0.000407808
0.0945729
0.801934
0.887375
0.277093
0.0359209
0.0707998
0.0437738
0.0650418
0.669091
0.913123
0.449512
0.0350086
0.0566998
0.0681593
-0.00338478
0.000109189
0.000491649
0.000400305
0.000407808
0.000407896
0.000407796
0.025748
0.255862
0.509685
0.0414272
-0.0097779
0.00126354
0.000415185
0.000399259
0.128273
0.137702
-0.015724
0.000912366
0.000531261
0.000385654
0.000409267
0.291313
0.764224
0.808399
0.78133
0.774632
0.891148
0.824754
0.356256
0.218721
-0.017311
0.000167924
0.000647732
0.000379108
0.000408757
0.0429716
0.712139
-0.0162918
-0.00576956
0.00141581
0.000348033
0.000403805
0.000409037
0.000407694
0.000407809
0.000407809
0.000407808
0.000407808
0.000407808
0.000899636
0.180539
0.907614
0.88594
0.0921232
0.0402764
0.0935403
0.0105409
-0.00184281
0.000584311
0.000411091
0.000405301
0.000408099
0.000407799
0.000407806
0.232291
0.457324
0.271765
-0.0194518
-0.000174715
0.000717929
0.000373916
0.0651139
0.398644
-0.00688747
-0.00331778
0.000983086
0.000376048
0.000405214
0.0516333
0.555757
0.790702
0.754135
0.847573
0.737786
0.864077
0.5232
0.419575
0.0149439
-0.00630063
0.00111819
0.000393382
0.000401348
0.000408574
0.576443
0.183103
-0.0255231
0.00166577
0.000547535
0.000374654
0.00041052
0.100483
0.831436
0.899235
0.231582
0.0361885
0.0763365
0.0363449
-0.0033825
0.000483091
0.000442499
0.000402365
0.000408115
0.000407832
0.000407801
0.000407809
0.000407808
0.000407808
0.000407808
0.000407808
0.000407808
0.000407808
0.0130466
0.371086
0.91159
0.104994
-0.021412
0.00204437
0.00044944
0.000621436
0.161048
0.109382
-0.014304
0.0010589
0.000495307
0.000388654
0.000409295
0.308398
0.788488
0.787972
0.812891
0.80706
0.847169
0.760565
0.336166
0.184567
-0.0168402
0.000507788
0.000597544
0.000381704
0.000409006
0.064955
0.657113
-0.0240098
-0.00410834
0.00128834
0.000345242
0.000405671
0.000408825
0.0004077
0.00040781
0.000407809
0.000407808
0.000407808
0.000407808
0.00289578
0.258433
0.895899
0.86386
0.0753435
0.041016
0.0937834
0.00699697
-0.00149917
0.000580847
0.000407504
0.000405813
0.000408074
0.000407797
0.000407806
0.233872
0.497534
0.232281
-0.0193543
0.000276883
0.000657451
0.00037655
0.0759632
0.370665
-0.0116676
-0.00236068
0.000913564
0.000373924
0.000406311
0.0427517
0.534534
0.896407
0.609742
0.0385543
0.048656
0.0855484
0.00758201
0.350885
0.049812
-0.0100722
0.00120359
0.000426523
0.000395989
0.000409141
0.000407772
0.000407797
0.00040781
0.000407808
0.000407808
0.000407808
0.000407808
0.107633
0.836354
0.889052
0.192085
0.0365907
0.0812639
0.0295248
0.0842044
0.746565
0.881786
0.327994
0.0358131
0.0655351
0.0516869
-0.00367456
0.000341009
0.000464601
0.000401132
0.000408017
0.000407859
0.000407799
0.0602201
0.261923
0.482193
0.0127406
-0.00662411
0.00118661
0.000388198
0.00202238
0.229815
0.0842874
-0.012747
0.00114951
0.00046509
0.000391558
0.000409269
0.320963
0.790043
0.775993
0.828193
0.845746
0.794539
0.695334
0.338989
0.152601
-0.0159247
0.000763483
0.000553181
0.000384525
0.000409157
0.120387
0.593986
-0.0291013
-0.00269693
0.0011628
0.000345135
0.000407162
0.00040863
0.000407708
0.000407812
0.000407809
0.000407808
0.000407808
0.000407808
0.00721489
0.332637
0.898678
0.822628
0.0620642
0.0413174
0.094514
0.0040843
-0.00117579
0.00057262
0.000404781
0.000406267
0.000408046
0.000407795
0.000407807
0.2308
0.530822
0.194713
-0.0186419
0.000625158
0.000603315
0.000379566
0.0851495
0.337393
-0.0149193
-0.00154212
0.000844269
0.000373401
0.000407195
0.135896
0.628755
0.818016
0.807957
0.874306
0.796335
0.974745
0.499347
0.398372
-0.00257226
-0.00387534
0.00100558
0.00037965
0.000404476
0.00130439
0.687245
0.101435
-0.0196777
0.00185838
0.000453477
0.000384746
0.000410301
0.115478
0.847908
0.869883
0.157772
0.0371826
0.0867185
0.0233887
-0.00278566
0.000557068
0.00042576
0.000403694
0.000408137
0.000407813
0.000407803
0.000407809
0.000407808
0.000407808
0.000407808
0.000407808
0.000407808
0.000407808
0.0352521
0.481382
0.908633
0.041697
-0.0151223
0.00196252
0.000386214
0.00522668
0.310086
0.0624606
-0.0111361
0.00119459
0.000440219
0.000394296
0.000450849
0.327084
0.786835
0.786108
0.821338
0.860838
0.741602
0.631415
0.357707
0.123333
-0.0146997
0.000946798
0.00051469
0.000387426
0.000409229
0.174479
0.526726
-0.0320273
-0.00152139
0.00104277
0.000347078
0.000408318
0.000408455
0.000407717
0.000407812
0.000407809
0.000407808
0.000407808
0.000407808
0.0165215
0.387329
0.917982
0.767032
0.052142
0.0426725
0.0947974
0.00174658
-0.00087829
0.00056103
0.000402805
0.000406663
0.000408017
0.000407794
0.000407807
0.230053
0.540981
0.159818
-0.0174841
0.000883471
0.000555759
0.000382775
0.0924656
0.301164
-0.0169017
-0.000855543
0.000777382
0.000374113
0.000407888
0.0651135
0.658652
0.9127
0.471408
0.035041
0.0551658
0.0708671
0.027718
0.419378
0.019502
-0.00702816
0.00116016
0.000396424
0.000400454
0.000408908
0.00040775
0.000407803
0.000407809
0.000407808
0.000407808
0.000407808
0.000407991
0.125127
0.87833
0.873634
0.128812
0.0385536
0.0907394
0.0179719
0.097638
0.831603
0.899246
0.231579
0.0361888
0.0763365
0.0363449
-0.0033825
0.00048309
0.000442499
0.000402365
0.000408115
0.000407832
0.000407801
0.124788
0.262254
0.442624
-0.00529968
-0.00400084
0.00105415
0.000374746
0.0130434
0.36853
0.0438284
-0.00953607
0.00120353
0.000420225
0.000396817
0.00103943
0.353169
0.802782
0.806756
0.797824
0.85277
0.717202
0.57056
0.379782
0.0970663
-0.0132787
0.00106905
0.000481914
0.000390294
0.000409237
0.248046
0.458489
-0.0332091
-0.000563518
0.000930823
0.000350519
0.000409183
0.000408301
0.000407727
0.000407813
0.000407808
0.000407808
0.000407808
0.000407808
0.0277159
0.436314
0.919677
0.702447
0.0446066
0.0453805
0.0923732
0.0
-0.000610111
0.000547253
0.00040146
0.000407002
0.000407989
0.000407794
0.000407763
0.229568
0.542652
0.128086
-0.0160242
0.00106491
0.000514751
0.000386029
0.0983357
0.263851
-0.017853
-0.00029168
0.000714491
0.000375743
0.000408414
0.211237
0.693709
0.783626
0.806803
0.819981
0.895063
0.993285
0.445561
0.346919
-0.0124028
-0.00198479
0.000872827
0.000374855
0.000406668
0.00848079
0.76516
0.0426448
-0.0140206
0.00180663
0.000393737
0.000393204
0.000507218
0.145536
0.904966
0.888073
0.10505
0.0397226
0.0930595
0.0132779
-0.00207922
0.000583177
0.00041402
0.000404929
0.000408113
0.000407802
0.000407805
0.000407808
0.000407808
0.000407808
0.000407808
0.000407808
0.000407808
0.000407808
0.0579506
0.629699
0.863212
0.00030411
-0.00972079
0.00173973
0.000351952
0.0240491
0.405051
0.0282313
-0.00799599
0.00118465
0.000404592
0.000399093
0.00382955
0.405136
0.821056
0.807937
0.771704
0.827316
0.719752
0.520686
0.396666
0.0739338
-0.0117541
0.00114084
0.00045455
0.000393045
0.000409198
0.319388
0.391711
-0.0330239
0.000197597
0.000828649
0.00035499
0.000409797
0.000408168
0.000407737
0.000407813
0.000407808
0.000407808
0.000407808
0.000407808
0.0391617
0.507088
0.901163
0.63326
0.0394899
0.0479477
0.0875567
-0.00145171
-0.000372931
0.000532254
0.000400641
0.000407286
0.000407961
0.000407794
0.000727727
0.237423
0.533604
0.0997883
-0.0143814
0.00118191
0.000480056
0.000389211
0.105156
0.226917
-0.0179881
0.000160483
0.000656675
0.000378021
0.000408794
0.0851483
0.728705
0.885156
0.346766
0.0357387
0.0637709
0.0544023
0.0501387
0.418391
-0.000242847
-0.00442302
0.00105014
0.000380238
0.000403875
0.000408649
0.000407744
0.000407807
0.000407809
0.000407808
0.000407808
0.000407808
0.00132711
0.203595
0.9051
0.880985
0.0861362
0.0405422
0.093707
0.00928628
0.113344
0.848084
0.869885
0.15777
0.0371829
0.0867185
0.0233887
-0.00278566
0.000557068
0.00042576
0.000403694
0.000408137
0.000407813
0.000407803
0.188692
0.332277
0.377046
-0.0151269
-0.00198124
0.000904402
0.000370665
0.0352512
0.424047
0.0154504
-0.00655132
0.00114517
0.000392786
0.000401109
0.00799093
0.450675
0.817329
0.790977
0.769682
0.789439
0.742754
0.507278
0.406486
0.0539361
-0.0101999
0.00117185
0.000432194
0.000395617
0.000409123
0.39067
0.3282
-0.0318033
0.000784235
0.000737219
0.000360102
0.000410201
0.000408055
0.000407747
0.000407813
0.000407808
0.000407808
0.000407808
0.000407808
0.0501659
0.588615
0.895211
0.562561
0.0369764
0.0501873
0.0810731
-0.00243851
-0.000167025
0.000516808
0.000400249
0.000407519
0.000407935
0.000407795
0.00451272
0.244917
0.534347
0.0750206
-0.0126523
0.00124606
0.000451291
0.000392236
0.11298
0.191465
-0.017497
0.000512947
0.000604591
0.000380718
0.000409053
0.261204
0.733586
0.801936
0.761921
0.756981
0.932419
0.920796
0.392913
0.278294
-0.0166642
-0.000617757
0.000743348
0.000375787
0.000408068
0.0246071
0.772219
0.00376051
-0.00911042
0.00161888
0.000360649
0.000399759
0.00392856
0.285517
0.894316
0.851969
0.070601
0.04118
0.0937885
0.00595857
-0.0013888
0.000578559
0.000406506
0.000405971
0.000408065
0.000407796
0.000407807
0.000407808
0.000407808
0.000407808
0.000407808
0.000407808
0.000407808
0.000407808
0.0790784
0.698581
0.767294
-0.0237089
-0.00544381
0.00146026
0.000338363
0.0461523
0.425555
0.00522751
-0.00522599
0.00109129
0.000384276
0.000402861
0.0187119
0.479655
0.796549
0.761789
0.787587
0.748621
0.780592
0.521008
0.414734
0.0369725
-0.00867328
0.00117081
0.000414375
0.000397971
0.000409023
0.467101
0.269231
-0.0298332
0.00121901
0.000656927
0.000365537
0.000410431
0.000407961
0.000407757
0.000407813
0.000407808
0.000407808
0.000407808
0.000407808
0.0614891
0.645591
0.909547
0.493668
0.0353585
0.0537211
0.0735288
-0.00309838
0.0
0.000501522
0.000400194
0.000407706
0.000407911
0.000407796
0.0140767
0.249795
0.523372
0.0537421
-0.0109132
0.00126785
0.000427972
0.000395043
0.121589
0.158287
-0.0165447
0.000778074
0.000558558
0.000383647
0.000409209
0.0983342
0.824685
0.897777
0.246217
0.0360695
0.074528
0.0387586
0.0720955
0.370722
-0.0116295
-0.00236635
0.000913861
0.000373952
0.000406304
0.000408404
0.000407747
0.000407809
0.000407809
0.000407808
0.000407808
0.000407808
0.00981045
0.352891
0.904177
0.805409
0.0584811
0.0414828
0.094788
0.00334146
0.144055
0.905128
0.888069
0.105049
0.0397228
0.0930595
0.0132779
-0.00207922
0.000583177
0.00041402
0.000404929
0.000408113
0.000407802
0.000407805
0.227419
0.433868
0.298635
-0.0190793
-0.000539706
0.0007615
0.000372484
0.0579511
0.412976
-0.00271627
-0.00403437
0.00102817
0.000378553
0.000404355
0.0350004
0.519018
0.785654
0.749275
0.820094
0.733845
0.828511
0.5269
0.418663
0.0228682
-0.00721701
0.00114538
0.000400588
0.000400081
0.000408908
0.528139
0.215624
-0.0273558
0.00152404
0.000587712
0.000371043
0.000410522
0.000407884
0.000407766
0.000407813
0.000407808
0.000407808
0.000407808
0.000407808
0.0726525
0.67721
0.910919
0.427909
0.0349628
0.0581712
0.0654201
-0.00348788
0.000154953
0.000486849
0.000400398
0.000407852
0.000407889
0.000407797
0.0319526
0.258403
0.503783
0.035809
-0.00922276
0.00125669
0.000409556
0.000419029
0.134457
0.127912
-0.0152718
0.000968104
0.000518619
0.000386659
0.000409283
0.298222
0.774982
0.803221
0.790895
0.784001
0.877715
0.803647
0.348707
0.207135
-0.0172128
0.000291301
0.000630368
0.000379938
0.000408852
0.0477101
0.694978
-0.0191862
-0.00518744
0.00137338
0.000346762
0.000404471
0.0202985
0.40175
0.921289
0.746248
0.0492966
0.0436245
0.0943051
0.00108457
-0.000785524
0.000556629
0.000402292
0.000406782
0.000408008
0.000407794
0.000407808
0.000407808
0.000407808
0.000407808
0.000407808
0.000407808
0.000407808
0.000407808
0.0945729
0.801934
0.625461
-0.0349273
-0.00230171
0.0011794
0.000338305
0.0690315
0.390071
-0.00866742
-0.00298309
0.00096005
0.000375138
0.000405605
0.0642653
0.574537
0.796283
0.759845
0.859768
0.74319
0.882564
0.521111
0.418392
0.0113976
-0.00586134
0.00110219
0.000390317
0.000401939
0.000413087
0.59834
0.167835
-0.0245719
0.00172038
0.000529172
0.000376425
0.000410504
0.000407823
0.000407774
0.000407812
0.000407808
0.000407808
0.000407808
0.000407808
0.0822024
0.712673
0.891594
0.366174
0.0355874
0.0622276
0.0571432
-0.00365882
0.000274764
0.000473119
0.000400792
0.000407962
0.00040787
0.000407798
0.0477353
0.26218
0.491923
0.0210036
-0.00762391
0.00122077
0.000395469
0.000891695
0.18054
0.100654
-0.0137957
0.00109478
0.000484614
0.000389637
0.000409292
0.112978
0.841663
0.874131
0.16853
0.0369843
0.0848891
0.0253551
0.0891591
0.301305
-0.0168813
-0.000859879
0.000777712
0.00037412
0.000407883
0.000408194
0.000407756
0.00040781
0.000407808
0.000407808
0.000407808
0.000407808
0.0313814
0.457693
0.915233
0.679743
0.0426075
0.0462391
0.0909952
0.00293661
0.284582
0.894451
0.851962
0.0706003
0.0411802
0.0937885
0.00595857
-0.0013888
0.000578559
0.000406506
0.000405971
0.000408065
0.000407796
0.000407807
0.232886
0.510839
0.219502
-0.0191763
0.000403794
0.000638683
0.000377523
0.0790797
0.360037
-0.0129081
-0.00207269
0.00089032
0.000373591
0.000406628
0.108152
0.614265
0.816039
0.787661
0.876766
0.770611
0.939544
0.51045
0.40866
0.00230397
-0.0046261
0.00104686
0.000383057
0.000403543
0.000623926
0.649124
0.126021
-0.0216444
0.00182758
0.000480654
0.000381538
0.000410403
0.000407776
0.000407782
0.000407812
0.000407808
0.000407808
0.000407808
0.000407808
0.0901751
0.765678
0.881156
0.309977
0.0358792
0.0672628
0.0490054
-0.00365774
0.000370338
0.00046055
0.000401319
0.00040804
0.000407854
0.000407799
0.0670999
0.261381
0.477425
0.00905917
-0.00614649
0.00116716
0.000385135
0.00288983
0.258434
0.0766503
-0.0122125
0.00116911
0.000456227
0.000392492
0.000409251
0.000407799
0.000407792
0.00040781
0.000407808
0.000407808
0.000407808
0.000407808
0.000407808
0.000407808
0.000407808
0.000407808
0.000407808
0.000407808
0.000407808
0.000407808
0.000407808
0.000407808
0.000407808
0.000407808
0.000407808
0.000407808
0.000407808
0.000407808
0.000407808
0.000407808
0.000407808
0.000407808
0.000407808
0.000407808
0.000407808
0.000407808
0.000407808
0.000407808
0.000407808
0.000407808
0.000407808
0.000407808
0.000407808
0.000407808
0.000407808
0.000407808
0.000407808
0.000407808
0.000407808
0.000407808
0.000407808
0.000407808
0.000407808
0.000407808
0.000407808
0.000407808
0.000407808
0.000407808
0.000407808
0.000407808
0.000407808
0.000407808
0.000407808
0.000407808
0.000407808
