0.0
0.000574509
0.697826
0.988416
0.955321
0.957575
0.954494
0.958316
0.956616
0.399369
-0.0150881
0.0229556
0.0229049
0.0225179
0.022357
0.0225732
0.17846
0.651716
0.631097
0.627968
0.62862
0.628722
0.628854
0.55584
0.0558938
0.0672615
0.0715797
0.0708265
0.0708461
0.0708457
0.0706029
0.267257
0.290258
0.284813
0.284592
0.286051
0.283753
0.285732
0.0739637
0.0362562
0.0427648
0.0424187
0.0424105
0.0423269
0.0424729
0.186398
0.296233
0.28343
0.286529
0.282512
0.28696
0.283032
0.170592
0.0320854
0.0423313
0.042366
0.0425076
0.0422529
0.0424747
0.14637
0.976124
0.967053
0.956237
0.952972
0.956536
0.96019
0.929493
0.0246203
0.0117056
0.0240266
0.0222181
0.0224746
0.0226684
0.0225209
0.553629
0.645658
0.629046
0.629822
0.629884
0.62968
0.629468
0.15468
0.00318369
0.0235457
0.0226732
0.0225135
0.022579
0.02257
0.315891
0.654717
0.629871
0.629965
0.628717
0.630714
0.628929
0.431389
-0.00210054
0.0209683
0.0229096
0.0225394
0.0224932
0.0224734
0.0470445
0.629254
0.637992
0.626906
0.630816
0.628574
0.630229
0.629387
0.0443455
0.0126132
0.0236389
0.0224257
0.0225516
0.0223414
0.022651
0.759096
0.989917
0.954629
0.952741
0.958213
0.959602
0.95415
0.331815
-0.0125983
0.023531
0.022538
0.0225514
0.0226451
0.022411
0.336659
0.995331
0.959693
0.956826
0.957823
0.958084
0.958055
0.778212
-0.00805017
0.0175276
0.023443
0.0223667
0.0224556
0.0225233
0.0234773
0.277144
0.287825
0.285256
0.285395
0.284345
0.2863
0.283741
0.0461796
0.0167333
0.0230351
0.0223879
0.0225668
0.0224743
0.0224961
0.665267
0.988528
0.958026
0.954465
0.957932
0.956343
0.956204
0.434745
-0.0159872
0.0226442
0.0229949
0.0223211
0.0226764
0.0223223
0.0748993
0.293353
0.285362
0.286864
0.283768
0.285026
0.287007
0.267374
0.0676058
0.0694403
0.0710552
0.0709234
0.0712852
0.0706784
0.0710328
0.578758
0.640816
0.627581
0.628514
0.628933
0.62937
0.629729
0.122176
0.00539858
0.0235758
0.0225621
0.0224204
0.0224515
0.0224307
0.169224
0.296949
0.283645
0.285554
0.285456
0.284303
0.286229
0.183826
0.0321687
0.04201
0.0426324
0.0422961
0.0423483
0.0424123
0.0569698
0.290147
0.284976
0.28648
0.282744
0.28657
0.283829
0.280242
0.0256351
0.019104
0.0228459
0.0226437
0.0222985
0.0226085
0.0223484
0.534808
0.64489
0.62913
0.630253
0.62828
0.630712
0.629409
0.183184
0.0015572
0.0232978
0.0226663
0.0225459
0.0223541
0.0225941
0.422574
0.996888
0.957887
0.955533
0.955686
0.955371
0.95507
0.702447
-0.0132252
0.0192849
0.023432
0.0224925
0.0225381
0.0225774
0.0395712
0.945387
0.969979
0.954802
0.955758
0.958071
0.954882
0.957828
0.0902385
0.0258546
0.0439255
0.0424263
0.0423002
0.0423905
0.0424591
0.720887
0.990266
0.953429
0.957583
0.956288
0.956264
0.957387
0.371084
0.00662442
0.0433246
0.042533
0.0424237
0.0422901
0.042438
0.291613
0.988037
0.958322
0.959881
0.956948
0.952714
0.957433
0.839977
0.0198422
0.035796
0.0435529
0.0424527
0.0422413
0.0422744
0.0441056
0.905919
0.974848
0.956499
0.957996
0.958139
0.958058
0.957636
0.144422
0.0204303
0.0440881
0.042442
0.0424112
0.0424764
0.0424703
0.619747
0.990815
0.957107
0.956218
0.955621
0.958042
0.954858
0.496363
0.0335561
0.0710158
0.0713156
0.0711142
0.0709087
0.0709388
0.147623
0.643024
0.634529
0.627952
0.630175
0.629707
0.629442
0.600713
0.0653694
0.0653103
0.0720183
0.070757
0.0711568
0.0709225
0.0709963
0.253505
0.292786
0.286181
0.281967
0.284718
0.287452
0.285642
0.079984
0.0140871
0.0230851
0.022541
0.0223453
0.0225573
0.0226324
0.330231
0.653989
0.62883
0.628704
0.629239
0.629789
0.630237
0.413844
-0.00259676
0.0211896
0.0229238
0.0223942
0.0223903
0.0224216
0.0359295
0.287535
0.286758
0.285719
0.284099
0.285392
0.285874
0.28318
0.049027
0.0386803
0.0428492
0.0422744
0.0424225
0.0423548
0.0423755
0.237409
0.290068
0.286518
0.283051
0.286141
0.284771
0.285514
0.100104
0.0131531
0.0227083
0.022666
0.0222901
0.0226662
0.022387
0.245302
0.652557
0.632927
0.628699
0.628515
0.631768
0.628243
0.497614
0.0215105
0.0398293
0.042816
0.0424779
0.0423909
0.0422455
0.0463818
0.614712
0.638143
0.628399
0.629084
0.628795
0.628982
0.62883
0.0705768
0.00989957
0.0236573
0.0225772
0.0225331
0.0225317
0.022521
0.208639
0.295119
0.283658
0.286066
0.284257
0.285353
0.285866
0.15656
0.0622789
0.071088
0.0711973
0.0708605
0.0710961
0.0709499
0.256944
0.989372
0.959584
0.956107
0.956917
0.955378
0.95791
0.860002
0.0500212
0.0646891
0.0719138
0.0710714
0.0709092
0.0710362
0.0708441
0.884707
0.973452
0.955843
0.957349
0.954472
0.958709
0.955983
0.16464
-0.00294304
0.0240912
0.0226162
0.0225391
0.0223753
0.0225908
0.382889
0.654968
0.63016
0.630382
0.630363
0.630293
0.630394
0.370041
0.0471598
0.0707106
0.0714169
0.0710648
0.0710947
0.0711217
0.0856273
0.288897
0.287555
0.283567
0.286048
0.28448
0.285356
0.279408
0.0437862
0.0393783
0.0427278
0.0424172
0.042271
0.0424369
0.0423712
0.24583
0.293256
0.28303
0.28616
0.284349
0.285836
0.285448
0.0997953
0.0342691
0.0428549
0.0423146
0.0424113
0.0423661
0.0423881
0.45067
0.996347
0.95345
0.955842
0.960719
0.955741
0.952792
0.686226
-0.0138805
0.0192602
0.0233414
0.0225881
0.0224995
0.0222945
0.0379516
0.626539
0.636124
0.62855
0.629842
0.629962
0.630484
0.630585
0.0509175
0.0118652
0.0234802
0.0223969
0.0223966
0.0224051
0.022434
0.491212
0.648816
0.629647
0.628385
0.630308
0.629972
0.628728
0.233476
-0.000769703
0.0229834
0.0227478
0.022506
0.0224332
0.0225828
0.212207
0.652848
0.631884
0.629246
0.629439
0.630633
0.628623
0.528084
0.00423396
0.0187574
0.0232918
0.0223344
0.0225986
0.022392
0.0258976
0.915964
0.968601
0.9562
0.959865
0.954462
0.953316
0.95983
0.124186
0.000124783
0.0242495
0.0227289
0.0224471
0.0223083
0.0226256
0.639383
0.991179
0.95425
0.954736
0.955001
0.954932
0.955164
0.464676
-0.0165315
0.0225146
0.0230046
0.0224644
0.0225049
0.0225004
0.0688185
0.292518
0.286576
0.285576
0.283626
0.286126
0.284847
0.268546
0.0195387
0.0200387
0.0227655
0.0225132
0.0225723
0.0224409
0.022581
0.86501
0.9776
0.954394
0.957429
0.954782
0.958512
0.954051
0.186943
-0.00459055
0.0239895
0.022709
0.0222927
0.0226238
0.022511
0.1606
0.295089
0.287286
0.283294
0.285327
0.286758
0.282376
0.202233
0.0624001
0.0703772
0.0711748
0.0712103
0.0707027
0.0711108
0.103882
0.637231
0.635639
0.629497
0.630284
0.629958
0.629927
0.624731
0.0351297
0.0138753
0.0235324
0.0225152
0.0225616
0.0225633
0.0225577
0.240252
0.292192
0.284598
0.285887
0.283543
0.286141
0.284868
0.109343
0.0337622
0.0427896
0.0424571
0.0423344
0.0424521
0.0422926
0.130854
0.296688
0.284466
0.285718
0.285065
0.285307
0.285756
0.219618
0.012728
0.0215171
0.022568
0.0226239
0.0224234
0.0225444
0.0298133
0.619885
0.636375
0.629639
0.629983
0.628465
0.630982
0.628791
0.0658098
0.0103587
0.0234934
0.0225471
0.022544
0.0223963
0.0225896
0.706234
0.989254
0.955559
0.957016
0.957581
0.957719
0.958016
0.390957
-0.0149982
0.0230048
0.0227621
0.0223527
0.0224555
0.0224776
0.257598
0.991984
0.96075
0.954182
0.958488
0.95533
0.956585
0.842917
0.0194741
0.03589
0.0435289
0.0422959
0.042301
0.0424537
0.0426289
0.896021
0.973946
0.955892
0.954708
0.958496
0.953954
0.959372
0.156693
0.0192813
0.0441022
0.0424187
0.0423409
0.0424305
0.0423365
0.593701
0.997332
0.956073
0.952439
0.957648
0.959988
0.954685
0.542189
0.00376654
0.0417461
0.0427929
0.0421919
0.0425117
0.0424805
0.146106
0.977027
0.961835
0.953971
0.955109
0.955349
0.955552
0.924661
0.039984
0.0322879
0.0437022
0.0422521
0.0423071
0.0423354
0.0423219
0.835516
0.980333
0.955615
0.95494
0.958406
0.955368
0.956468
0.249256
0.043691
0.0723606
0.0711782
0.0710201
0.0708667
0.0711507
0.33232
0.653587
0.629701
0.630254
0.628674
0.631128
0.628008
0.434363
0.047906
0.0697135
0.071459
0.0709843
0.0708969
0.0711461
0.0751528
0.284631
0.284705
0.284432
0.287506
0.285411
0.281759
0.285689
0.035232
0.0178545
0.0227585
0.0226124
0.0226492
0.0223552
0.0224079
0.503029
0.649363
0.628941
0.629779
0.629796
0.629473
0.629442
0.218967
-0.000198167
0.0232509
0.0227449
0.0225129
0.0225787
0.0225656
0.111949
0.294234
0.286529
0.284814
0.284701
0.286116
0.283655
0.238114
0.034385
0.041202
0.0425587
0.0423719
0.0423732
0.0423087
0.0420968
0.276707
0.2885
0.28522
0.285531
0.284587
0.286405
0.283674
0.0456002
0.0168815
0.0228858
0.0225994
0.0224042
0.0225435
0.0225801
0.436594
0.654167
0.628301
0.628458
0.631665
0.628177
0.629917
0.299904
0.0181195
0.0423833
0.0428156
0.0423212
0.0422757
0.0425555
0.157681
0.649676
0.633163
0.629649
0.630589
0.630668
0.630643
0.582746
0.0130668
0.0170649
0.0232612
0.0224001
0.0224775
0.0225197
0.0225225
0.263341
0.289147
0.285425
0.285107
0.284616
0.286248
0.283536
0.102897
0.0650568
0.0715316
0.0708695
0.0710705
0.0710343
0.0708657
0.559433
0.992001
0.957828
0.953796
0.959026
0.953949
0.959495
0.570963
0.0330754
0.0701265
0.0716307
0.0707994
0.0711635
0.070788
0.126904
0.970543
0.962445
0.95691
0.956959
0.954763
0.958792
0.945357
0.0367512
0.00991374
0.0238625
0.0225194
0.0225232
0.0224207
0.0225971
0.534436
0.645341
0.627443
0.628575
0.629097
0.629411
0.629857
0.204597
0.0522749
0.0717579
0.0709622
0.0708181
0.0708482
0.0708504
0.1534
0.295166
0.28382
0.285724
0.285156
0.284618
0.286216
0.218427
0.0330988
0.0414809
0.0426897
0.0422734
0.0423634
0.0423992
0.0456956
0.280978
0.288696
0.285263
0.284662
0.286232
0.283805
0.286615
0.0561604
0.0378706
0.0427942
0.0424605
0.0423023
0.0424751
0.0422755
0.718193
0.987403
0.959039
0.955848
0.952988
0.958446
0.959368
0.37673
-0.0144552
0.0233622
0.0228551
0.0222531
0.0225595
0.0226409
0.1939
0.653537
0.631867
0.628951
0.629351
0.62922
0.628991
0.544809
0.00629413
0.0185762
0.0233048
0.0225079
0.0225448
0.0225701
0.023328
0.59706
0.641437
0.627805
0.629747
0.630556
0.628534
0.630362
0.0944284
0.00758873
0.0236068
0.0225877
0.0223842
0.0225517
0.0224954
0.410449
0.654153
0.627949
0.630896
0.628021
0.631379
0.627832
0.32502
-0.0029638
0.0221918
0.0228603
0.0224662
0.022555
0.0225551
0.158249
0.983886
0.965622
0.953407
0.953679
0.959797
0.958238
0.91755
0.019239
0.0125614
0.0238427
0.0222941
0.0225938
0.0226337
0.0223398
0.852048
0.980504
0.956404
0.95797
0.958152
0.957912
0.957464
0.206936
-0.00612892
0.0240548
0.0226383
0.0224519
0.0225442
0.0225526
0.155909
0.295575
0.286154
0.283553
0.285661
0.285427
0.284463
0.190818
0.011698
0.0219118
0.0227088
0.0225616
0.0223994
0.0225498
0.0698696
0.96154
0.968097
0.95272
0.959403
0.953839
0.959227
0.951881
0.0469624
0.00851514
0.024042
0.0225281
0.0224729
0.0224624
0.0226115
0.232958
0.295157
0.282861
0.285414
0.286745
0.282156
0.286288
0.135586
0.0629791
0.0712759
0.0713175
0.070668
0.0711239
0.071124
0.269463
0.65184
0.630002
0.628639
0.629411
0.62994
0.630227
0.498874
0.00146566
0.0196421
0.0230882
0.0223742
0.0223874
0.022425
0.0246227
0.278604
0.288327
0.285681
0.283747
0.285588
0.285659
0.284222
0.0610779
0.037354
0.0428818
0.0423057
0.0424423
0.042336
0.0423966
0.210756
0.293976
0.285919
0.28399
0.286384
0.283473
0.286656
0.131872
0.0118379
0.0226497
0.0225856
0.0224797
0.0226195
0.0224397
0.158486
0.651958
0.630883
0.630203
0.629509
0.628834
0.631053
0.575742
0.0114067
0.0175295
0.0231439
0.0225392
0.0225188
0.0224177
0.0228737
0.888188
0.974965
0.953921
0.955078
0.955069
0.955025
0.954967
0.15957
-0.00253737
0.0242447
0.02265
0.0224957
0.0225352
0.0225188
0.571697
0.995731
0.954342
0.957674
0.956419
0.955577
0.957963
0.543203
0.00338007
0.0416278
0.0430115
0.0422347
0.0424208
0.0423044
0.127723
0.977105
0.96124
0.958251
0.953938
0.959269
0.954348
0.934335
0.0451326
0.0315923
0.0436835
0.0424664
0.0422516
0.0424889
0.0422499
0.822368
0.977302
0.955475
0.96015
0.955011
0.953084
0.959332
0.270513
0.0114104
0.0436302
0.0426794
0.0424446
0.042187
0.0423489
0.4466
0.997129
0.959188
0.957473
0.957746
0.95735
0.956836
0.673745
0.00564395
0.0398416
0.0432004
0.0423642
0.0424737
0.0424668
0.0602112
0.950555
0.969124
0.953431
0.957981
0.95656
0.955523
0.958044
0.104994
0.0562515
0.07249
0.0710464
0.0708561
0.0711225
0.0709092
0.495629
0.649738
0.627034
0.631154
0.627842
0.631013
0.628333
0.253793
0.0497501
0.0717923
0.0709655
0.0711854
0.0707733
0.0712403
0.1215
0.292728
0.288178
0.285591
0.281714
0.285688
0.287356
0.249322
0.0152721
0.0208321
0.0230001
0.0223633
0.0223622
0.0226595
0.0241093
0.60287
0.639394
0.628616
0.629828
0.630088
0.630589
0.630672
0.0857598
0.00831732
0.0235201
0.022445
0.0223751
0.022418
0.0224527
0.19514
0.295469
0.285345
0.28404
0.28611
0.284201
0.285452
0.156671
0.0323093
0.0423437
0.0425108
0.0424287
0.0422736
0.0424231
0.0798262
0.291708
0.287718
0.283414
0.286721
0.282774
0.286671
0.267952
0.0194436
0.0199898
0.0229063
0.0225037
0.0225552
0.0223818
0.0226169
0.571462
0.642451
0.627953
0.631632
0.627875
0.630192
0.631129
0.144633
0.0251535
0.0435832
0.042427
0.0422583
0.04254
0.0422978
0.355477
0.653548
0.628827
0.62852
0.628537
0.628673
0.628948
0.396469
-0.00287393
0.0215173
0.0229747
0.0224811
0.0224819
0.0225031
0.0406531
0.287331
0.287816
0.285294
0.283942
0.286152
0.284454
0.282846
0.0737252
0.0682595
0.0712667
0.0709191
0.0711306
0.0708294
0.0711008
0.799046
0.979916
0.957872
0.953934
0.95897
0.95511
0.957565
0.301614
0.0405332
0.0721211
0.0714149
0.0707198
0.0712526
0.0707802
0.153584
0.294504
0.284823
0.285931
0.284036
0.285395
0.285718
0.283697
0.286251
0.284849
0.284728
0.2865
0.283572
0.285671
0.280135
0.281575
0.284433
0.286678
0.282877
0.2867
0.282789
0.286508
0.283855
0.285945
0.284774
0.285369
0.285892
0.284228
0.286548
0.276148
0.284916
0.284706
0.285246
0.284485
0.284901
0.28539
0.285833
0.286307
0.286791
0.286304
0.286019
0.28605
0.284993
0.372751
0.641953
0.630175
0.629204
0.630201
0.630517
0.629737
0.628975
0.628995
0.629761
0.630169
0.630267
0.629531
0.628845
0.627482
0.083508
0.0537388
0.0638972
0.0627483
0.0626542
0.0627358
0.0628822
0.243671
0.292483
0.28533
0.286182
0.285161
0.285384
0.285707
0.28593
0.28613
0.28642
0.28567
0.285159
0.285157
0.28392
0.194957
0.0973578
0.105532
0.105337
0.105289
0.105421
0.105052
0.187408
0.974248
0.961714
0.95402
0.955104
0.955349
0.955552
0.956026
0.956498
0.956895
0.957235
0.957691
0.957709
0.957982
0.958098
0.622285
0.627345
0.628311
0.630893
0.628378
0.630442
0.62954
0.629652
0.630305
0.62887
0.630866
0.628114
0.631431
0.627735
0.425536
0.272962
0.284992
0.283995
0.287166
0.283601
0.285021
0.287005
0.282584
0.286194
0.286396
0.28196
0.286563
0.285706
0.263199
0.0278197
0.029747
0.0321331
0.0321305
0.0317915
0.0318955
0.0324032
0.88689
0.977777
0.951324
0.954939
0.960746
0.956832
0.952642
0.957053
0.96029
0.954957
0.953068
0.959445
0.959006
0.953269
0.495006
0.26167
0.283908
0.286512
0.284083
0.28602
0.285147
0.284898
0.286282
0.284063
0.286528
0.283051
0.286747
0.282553
0.3174
0.635783
0.631879
0.630614
0.628219
0.629879
0.630478
0.628281
0.630569
0.629589
0.62897
0.630844
0.628502
0.629858
0.630475
0.121115
0.0497867
0.0638335
0.0627273
0.0629688
0.0626634
0.0627816
0.665384
0.987695
0.958134
0.954461
0.957932
0.956343
0.956204
0.814703
0.955903
0.959831
0.956258
0.955068
0.958885
0.955041
0.747842
0.257514
0.28333
0.286104
0.285425
0.284919
0.285517
0.285888
0.286148
0.286539
0.28657
0.285796
0.285619
0.285373
0.284263
0.893326
0.970795
0.95518
0.957477
0.9549
0.958259
0.955675
0.257847
0.0805792
0.106635
0.105691
0.105291
0.105213
0.105444
0.198459
0.292847
0.285242
0.284716
0.285494
0.284264
0.285367
0.283891
0.285308
0.284369
0.285834
0.28511
0.285386
0.285263
0.248713
0.0250847
0.0301656
0.0322417
0.0317812
0.0319587
0.031826
0.0332338
0.915625
0.972045
0.954219
0.957398
0.956947
0.955799
0.956762
0.957468
0.956014
0.955749
0.957347
0.956838
0.955784
0.956801
0.340448
0.0753357
0.106409
0.105622
0.105334
0.105299
0.105432
0.309173
0.652526
0.630055
0.629921
0.629161
0.630293
0.629138
0.630311
0.629516
0.630013
0.628898
0.63011
0.629888
0.630232
0.629096
0.628877
0.629929
0.630035
0.629133
0.629383
0.63013
0.628893
0.630049
0.629495
0.629305
0.630113
0.630136
0.62893
0.629509
0.630197
0.629197
0.629643
0.629011
0.629777
0.63018
0.629012
0.285772
0.0402509
0.063279
0.0630614
0.0628377
0.0628367
0.0627889
0.229383
0.651241
0.631492
0.629811
0.630304
0.629678
0.628733
0.629285
0.629918
0.630414
0.629995
0.629208
0.628807
0.629442
0.624552
0.609106
0.631768
0.630333
0.629313
0.6302
0.629528
0.629918
0.629986
0.629541
0.630208
0.629299
0.630345
0.629175
0.630366
0.572271
0.630914
0.628853
0.6289
0.629157
0.629569
0.630192
0.630134
0.630135
0.630461
0.630191
0.628842
0.628259
0.628839
0.629186
0.63001
0.630314
0.630554
0.63056
0.629316
0.628847
0.629355
0.629519
0.630384
0.629537
0.628526
0.627142
0.62662
0.630987
0.30096
0.280574
0.285648
0.284138
0.285611
0.285571
0.285952
0.282681
0.285794
0.286056
0.283869
0.286104
0.284927
0.284889
0.431814
0.643547
0.629007
0.628804
0.629223
0.62979
0.630237
0.441496
0.0399561
0.0614344
0.0633387
0.0628356
0.0628844
0.0628593
0.112137
0.96343
0.964397
0.954251
0.957024
0.957912
0.957372
0.954461
0.136721
0.0914075
0.106945
0.105433
0.105381
0.105255
0.105212
0.248231
0.291156
0.28429
0.285446
0.284923
0.285104
0.284939
0.272901
0.285641
0.286185
0.28326
0.286089
0.285667
0.283028
0.286725
0.284978
0.284083
0.286924
0.283856
0.284992
0.286677
0.23604
0.0237741
0.0306093
0.0320603
0.0320069
0.031835
0.0318797
0.0342669
0.280215
0.289598
0.284976
0.285362
0.284089
0.284081
0.284061
0.0544165
0.0262642
0.0322528
0.0317796
0.0318142
0.0318384
0.0318534
0.683191
0.990534
0.953444
0.958605
0.95556
0.955817
0.958289
0.954596
0.957553
0.957252
0.954583
0.958681
0.955919
0.955357
0.913207
0.953396
0.95908
0.955214
0.956996
0.957178
0.954843
0.958232
0.95535
0.956616
0.95747
0.954922
0.958375
0.955514
0.956326
0.948155
0.956843
0.955597
0.955071
0.955051
0.955028
0.954967
0.243322
0.0813879
0.106823
0.105434
0.105318
0.105382
0.105443
0.211532
0.293338
0.285793
0.286082
0.285368
0.285359
0.28555
0.17896
0.0213403
0.031657
0.0320944
0.0318485
0.0318701
0.0317994
0.130338
0.977719
0.964264
0.954723
0.955375
0.956042
0.957522
0.957877
0.956732
0.95546
0.955385
0.956337
0.957819
0.957557
0.956671
0.148239
0.0427738
0.0643914
0.0628112
0.0628899
0.0627229
0.0629562
0.447274
0.650495
0.629707
0.628932
0.630385
0.629225
0.630135
0.629663
0.629968
0.629886
0.629627
0.630145
0.629238
0.63029
0.649387
0.963812
0.960248
0.954084
0.958756
0.953873
0.959367
0.954037
0.959338
0.954548
0.95569
0.959273
0.953754
0.958704
0.953883
0.106486
0.0469532
0.0642645
0.0628416
0.0629052
0.0627017
0.0628687
0.745564
0.98524
0.953844
0.954881
0.955049
0.954929
0.955104
0.95529
0.955729
0.956284
0.956747
0.956969
0.957194
0.957578
0.626131
0.0699313
0.104095
0.106186
0.105504
0.105461
0.105401
0.110732
0.288585
0.284549
0.286554
0.282739
0.286569
0.283829
0.285935
0.285075
0.285146
0.285727
0.28446
0.286498
0.283221
0.286872
0.0613499
0.0259407
0.0322054
0.032
0.0317556
0.032016
0.0319978
0.428272
0.653238
0.628893
0.628775
0.630931
0.628349
0.629894
0.630509
0.628248
0.630516
0.629846
0.628712
0.631048
0.628727
0.479106
0.04071
0.0607451
0.0631825
0.0627018
0.0626975
0.0627186
0.0700408
0.6223
0.637713
0.62959
0.630606
0.630505
0.630753
0.630606
0.630083
0.630017
0.629294
0.628328
0.629749
0.630469
0.62982
0.62875
0.629039
0.629352
0.629409
0.628677
0.629514
0.630355
0.630857
0.630376
0.630452
0.629429
0.628693
0.629014
0.630203
0.630741
0.630248
0.630216
0.630452
0.62862
0.628358
0.628844
0.634455
0.956111
0.95945
0.956183
0.957323
0.956083
0.955986
0.957588
0.956838
0.955599
0.956683
0.957163
0.955946
0.956103
0.957438
0.671569
0.621753
0.630467
0.629658
0.630084
0.629198
0.630227
0.62925
0.630363
0.629287
0.630357
0.629507
0.630095
0.629762
0.629857
0.630087
0.629325
0.63007
0.629102
0.630476
0.629253
0.527732
0.271689
0.284908
0.285998
0.285214
0.284201
0.284405
0.277357
0.279884
0.285559
0.285405
0.285667
0.285305
0.284446
0.28422
0.285206
0.285646
0.285849
0.286266
0.2859
0.285182
0.284432
0.285328
0.285359
0.284233
0.285401
0.285419
0.285241
0.285418
0.285746
0.285394
0.284138
0.285834
0.285119
0.283897
0.284113
0.370835
0.642
0.630849
0.629727
0.629862
0.629073
0.629807
0.630252
0.62909
0.629524
0.630205
0.629501
0.629293
0.629892
0.629386
0.913899
0.965495
0.956628
0.957224
0.9572
0.957079
0.956251
0.9561
0.955852
0.955783
0.956085
0.956145
0.95684
0.956878
0.957318
0.957388
0.95698
0.956825
0.956357
0.95602
0.956012
0.751867
0.615728
0.630614
0.62927
0.630349
0.629106
0.630237
0.570657
0.622199
0.63023
0.628377
0.628656
0.628687
0.628937
0.629328
0.629451
0.629733
0.630764
0.629972
0.628994
0.629296
0.629521
0.630205
0.630652
0.630368
0.630742
0.630433
0.629181
0.628436
0.628923
0.628514
0.629191
0.629695
0.630182
0.629704
0.628867
0.419692
0.269923
0.286328
0.285136
0.285052
0.286144
0.28405
0.286433
0.282499
0.287122
0.287426
0.283839
0.288006
0.284056
0.277074
0.285496
0.286505
0.286003
0.283848
0.285634
0.284068
0.285473
0.282816
0.286064
0.285703
0.283978
0.286239
0.28443
0.284946
0.540355
0.642406
0.629416
0.629799
0.629788
0.629474
0.629441
0.257548
0.0410214
0.0632138
0.0628659
0.062651
0.0627075
0.0627639
0.368908
0.994253
0.958981
0.955025
0.955451
0.956514
0.957742
0.814264
0.0800112
0.100211
0.106202
0.105237
0.105502
0.105456
0.105082
0.277825
0.288439
0.284576
0.285244
0.285171
0.284729
0.285127
0.277529
0.285993
0.285845
0.282964
0.28628
0.28522
0.283469
0.286861
0.284295
0.284516
0.286889
0.283004
0.285375
0.286474
0.151245
0.0214639
0.0318681
0.0319413
0.0320397
0.0317512
0.0319202
0.0825793
0.293844
0.286382
0.285276
0.285498
0.284919
0.285516
0.26817
0.0291892
0.0296185
0.0323739
0.0319463
0.031949
0.031915
0.0319244
0.87536
0.975801
0.954358
0.956043
0.956462
0.957009
0.956853
0.38766
0.266945
0.286358
0.285059
0.28492
0.285258
0.285068
0.125135
0.0219679
0.0321366
0.0320452
0.0318566
0.0318476
0.0319394
0.216802
0.654063
0.631002
0.629813
0.629165
0.630348
0.629099
0.585815
0.622137
0.631829
0.630061
0.62959
0.628863
0.629208
0.623844
0.0744748
0.0548233
0.0636327
0.0627011
0.0628262
0.0628598
0.0628572
0.246081
0.290989
0.283511
0.284039
0.282879
0.283293
0.284032
0.270006
0.286595
0.285726
0.285098
0.284072
0.284365
0.285276
0.285879
0.285685
0.285006
0.284048
0.284618
0.285422
0.285718
0.320769
0.637917
0.632792
0.629044
0.630065
0.629687
0.629635
0.60173
0.0593845
0.0568679
0.0634798
0.0627533
0.062654
0.0627877
0.0626954
0.867294
0.976865
0.954463
0.957428
0.954781
0.958512
0.954051
0.959218
0.953757
0.95954
0.954364
0.958507
0.955667
0.95677
0.543383
0.259876
0.283534
0.286187
0.285697
0.284046
0.286181
0.271843
0.284218
0.285549
0.28576
0.28443
0.286528
0.283337
0.252923
0.0256877
0.0303506
0.0319888
0.0319466
0.0318451
0.0320721
0.0328888
0.597607
0.64065
0.629449
0.628337
0.630618
0.629434
0.629044
0.872505
0.965471
0.958906
0.953968
0.958954
0.955111
0.957565
0.439316
0.263564
0.28263
0.285897
0.287408
0.284413
0.282826
0.277567
0.285363
0.284566
0.286073
0.28402
0.285396
0.285718
0.283697
0.286251
0.284849
0.284728
0.2865
0.283572
0.285671
0.284314
0.621991
0.635399
0.629742
0.630125
0.629832
0.629954
0.629688
0.629081
0.628984
0.628779
0.628435
0.628523
0.628639
0.628679
0.18532
0.0448748
0.0637664
0.0629152
0.0628371
0.062866
0.0628848
0.349691
0.65345
0.630323
0.629356
0.629877
0.629886
0.629304
0.630258
0.629167
0.630357
0.629205
0.630402
0.629328
0.630228
0.629669
0.630029
0.629933
0.629411
0.630046
0.629312
0.63044
0.627979
0.920425
0.964621
0.956632
0.956019
0.956057
0.957522
0.956851
0.875502
0.963971
0.95594
0.957778
0.955849
0.957477
0.956018
0.957171
0.956569
0.956492
0.956947
0.955947
0.957326
0.95544
0.830156
0.955293
0.957112
0.955366
0.956761
0.95805
0.95741
0.792611
0.0776425
0.100773
0.106354
0.105391
0.105434
0.105263
0.104075
0.277672
0.28718
0.284118
0.285242
0.285704
0.285615
0.284814
0.284143
0.284737
0.285515
0.285907
0.285447
0.28439
0.284169
0.0909539
0.0236222
0.0323435
0.0320277
0.0318242
0.0318102
0.0318562
0.155153
0.294891
0.285732
0.284282
0.285534
0.284701
0.285084
0.284743
0.284693
0.285162
0.284918
0.285808
0.284292
0.285733
0.264617
0.0279544
0.0296153
0.0322606
0.0318603
0.0319067
0.0319108
0.0319483
0.267223
0.291002
0.284778
0.285373
0.283999
0.283907
0.283953
0.284058
0.284054
0.284423
0.284211
0.284339
0.285005
0.28431
0.119934
0.0222257
0.0322248
0.0320955
0.0320092
0.0320196
0.0320178
0.0319783
0.0319599
0.0319621
0.0319078
0.0318998
0.0319059
0.0318933
0.0913055
0.641533
0.633782
0.630297
0.628238
0.62988
0.630478
0.628281
0.630569
0.629589
0.62897
0.630844
0.628502
0.629858
0.630475
0.594213
0.633481
0.62921
0.629727
0.630302
0.629039
0.630971
0.628248
0.631235
0.62781
0.63109
0.627849
0.630879
0.628654
0.731974
0.971847
0.958242
0.956118
0.955413
0.955813
0.957157
0.957705
0.956984
0.95584
0.955578
0.956085
0.957392
0.957485
0.888919
0.608198
0.630237
0.630159
0.629043
0.628949
0.629605
0.630201
0.63037
0.629713
0.628911
0.628989
0.629791
0.630219
0.63026
0.164136
0.0461529
0.0638008
0.0629175
0.0628144
0.0628439
0.0628039
0.37387
0.653819
0.629579
0.629653
0.629949
0.629493
0.630057
0.629294
0.630355
0.629144
0.63046
0.629295
0.630307
0.62951
0.548165
0.047494
0.0590442
0.0634411
0.0626741
0.0628126
0.0627139
0.063774
0.275816
0.289141
0.28491
0.284994
0.284776
0.284647
0.284442
0.284677
0.285025
0.285283
0.285344
0.285492
0.285544
0.285327
0.285218
0.285074
0.284764
0.28456
0.284578
0.284757
0.284967
0.158167
0.0212883
0.0318556
0.0320899
0.0319046
0.0318957
0.0319301
0.0318283
0.0319185
0.0317889
0.0318998
0.0318993
0.0319394
0.0319388
0.0319239
0.0319308
0.0319613
0.0318933
0.0319433
0.0318137
0.0318958
0.0318232
0.571923
0.643151
0.628887
0.629988
0.630112
0.629977
0.629787
0.616746
0.630339
0.629384
0.62966
0.629748
0.629704
0.62944
0.629476
0.629934
0.629896
0.629171
0.629729
0.630022
0.62963
0.629334
0.629619
0.630109
0.629673
0.629043
0.629936
0.629999
0.629277
0.629416
0.629878
0.629697
0.629609
0.629396
0.629722
0.629879
0.629408
0.629414
0.629899
0.629852
0.629442
0.629483
0.629829
0.629931
0.629289
0.629404
0.630261
0.629585
0.629063
0.629925
0.629874
0.629492
0.629176
0.630088
0.629713
0.63021
0.629573
0.630449
0.630686
0.63118
0.629967
0.629246
0.629828
0.629205
0.629978
0.630024
0.62984
0.63062
0.630133
0.630166
0.629519
0.629762
0.629887
0.629516
0.629205
0.629291
0.629263
0.630378
0.629955
0.629661
0.629857
0.629109
0.629827
0.629427
0.62963
0.62861
0.629592
0.629475
0.629289
0.629865
0.629279
0.630034
0.629419
0.628482
0.630462
0.629335
0.62982
0.629355
0.630306
0.629041
0.629589
0.629348
0.62912
0.629202
0.627575
0.628802
0.629653
0.629847
0.629988
0.62933
0.630075
0.629892
0.629793
0.630198
0.629611
0.605029
0.604373
0.604017
0.604867
0.604522
0.604137
0.604171
0.584161
0.579357
0.579305
0.579944
0.579839
0.580098
0.579985
0.566024
0.558153
0.558961
0.558316
0.558943
0.55961
0.559087
0.550171
0.535169
0.536611
0.536616
0.537651
0.536555
0.536374
0.532254
0.513662
0.513638
0.514263
0.513902
0.513981
0.513684
0.513747
0.494131
0.493957
0.494062
0.494098
0.494088
0.493917
0.49412
0.473226
0.470548
0.471602
0.472377
0.472186
0.472164
0.472406
0.45612
0.450365
0.450973
0.451249
0.45083
0.451236
0.450694
0.440559
0.42965
0.430889
0.430384
0.430591
0.43034
0.430377
0.425615
0.410674
0.411297
0.411509
0.411348
0.411903
0.411853
0.409885
0.391947
0.391841
0.392029
0.391434
0.392037
0.391879
0.391852
0.376529
0.375324
0.374491
0.374696
0.3757
0.375366
0.375562
0.359584
0.356427
0.356726
0.356645
0.356173
0.356665
0.356708
0.344679
0.336977
0.337406
0.337871
0.337597
0.337719
0.337187
0.33075
0.318497
0.319006
0.319422
0.319173
0.319369
0.319159
0.317553
0.302418
0.302191
0.302189
0.301995
0.302148
0.302124
0.302102
0.28843
0.287735
0.288579
0.287888
0.287926
0.288062
0.287963
0.272117
0.268952
0.270056
0.270123
0.269673
0.271394
0.269672
0.260113
0.256613
0.256803
0.257122
0.256794
0.256847
0.256608
0.250018
0.243242
0.243992
0.244105
0.243877
0.244134
0.243892
0.239825
0.228281
0.22878
0.228314
0.228862
0.228779
0.228786
0.228574
0.212586
0.212595
0.212869
0.21383
0.213448
0.212752
0.212507
0.20288
0.201614
0.20197
0.20173
0.201879
0.201948
0.201873
0.191252
0.188343
0.18852
0.188987
0.188596
0.188871
0.188834
0.181053
0.176088
0.176732
0.176744
0.176522
0.176799
0.176517
0.171017
0.161074
0.161668
0.161582
0.161621
0.161525
0.161343
0.160396
0.151248
0.151533
0.151493
0.151305
0.151322
0.15168
0.151362
0.13828
0.137611
0.137843
0.137966
0.137908
0.137875
0.13675
0.129379
0.127661
0.127844
0.127853
0.127861
0.127993
0.127917
0.119649
0.116481
0.116331
0.116574
0.116497
0.116503
0.116506
0.113141
0.108958
0.109211
0.109322
0.108535
0.109163
0.109233
0.106272
0.0978921
0.0983204
0.098412
0.0984337
0.0985049
0.0984788
0.097997
0.0888201
0.088772
0.0888885
0.088902
0.0888414
0.0887705
0.0888316
0.0799224
0.0791101
0.0791312
0.0790448
0.0791557
0.0791361
0.079193
0.0732069
0.0710686
0.0713531
0.07136
0.0713263
0.0713986
0.0713426
0.0665258
0.0624021
0.0627796
0.0628886
0.0629876
0.0628471
0.0628267
0.0610566
0.0575767
0.0576556
0.0577142
0.0576886
0.0575987
0.0576344
0.0564419
0.0495149
0.0496722
0.0497652
0.0497424
0.0497419
0.0497021
0.0497
0.0439305
0.0436192
0.0438074
0.0437568
0.0438422
0.0438325
0.0438783
0.0379089
0.0369712
0.0372095
0.0371589
0.0371389
0.0370997
0.0370926
0.033266
0.0310495
0.0313238
0.031286
0.0312802
0.0312045
0.0312432
0.0288703
0.0252601
0.0254722
0.0255149
0.0254901
0.0255626
0.0255152
0.0249458
0.0212303
0.0213267
0.0213515
0.0213401
0.0213542
0.0212974
0.0211953
0.0180158
0.0179632
0.0179666
0.0179695
0.0180217
0.0179921
0.0180054
0.0144088
0.0140143
0.0140988
0.0140412
0.01404
0.0141097
0.0140545
0.0111554
0.0101563
0.0102837
0.0102805
0.0102809
0.0102788
0.0102435
0.00906174
0.00790935
0.0079767
0.0080006
0.00798292
0.00801518
0.00798837
0.00707688
0.00504569
0.00515572
0.00518363
0.00517118
0.00518288
0.00517414
0.00509028
0.00340139
0.00340104
0.00342868
0.00342238
0.00341954
0.00342244
0.003416
0.00175101
0.00162207
0.00166044
0.00165693
0.00165437
0.00165792
0.00165546
0.00129461
0.00116697
0.00118359
0.00118151
0.00118177
0.0011827
0.00118481
0.000741087
0.000565777
0.000587335
0.000586565
0.000586412
0.000586441
0.000586439
0.346578
0.997068
0.958836
0.955988
0.956125
0.95616
0.955899
0.805272
0.260807
0.281869
0.28549
0.285137
0.28547
0.284313
0.278315
0.0334761
0.0288008
0.0322406
0.0319054
0.0319289
0.031879
0.031857
0.553473
0.645484
0.628099
0.630272
0.629359
0.630081
0.629562
0.587468
0.632112
0.629094
0.628957
0.629787
0.630325
0.630136
0.315518
0.0393662
0.062812
0.0630258
0.0628642
0.0629295
0.0627793
0.104721
0.291738
0.284807
0.283765
0.284074
0.283737
0.284552
0.273872
0.282427
0.285132
0.283947
0.284839
0.285592
0.285806
0.285331
0.284322
0.284325
0.285135
0.285862
0.285688
0.284966
0.28398
0.541403
0.641723
0.629373
0.629867
0.629494
0.630116
0.62912
0.257983
0.0409912
0.0633535
0.0628615
0.0627617
0.0626987
0.0627753
0.362307
0.990256
0.961548
0.95379
0.958273
0.955859
0.956581
0.95715
0.95521
0.958009
0.95417
0.959158
0.953946
0.959506
0.94205
0.293128
0.276952
0.284749
0.286515
0.284357
0.284647
0.286236
0.275334
0.287218
0.283476
0.286172
0.284342
0.285836
0.285448
0.0958927
0.0233949
0.0320928
0.0322131
0.0316898
0.0320231
0.0316123
0.30519
0.653629
0.631086
0.629288
0.628943
0.630888
0.62849
0.646081
0.962759
0.960425
0.954074
0.958756
0.953873
0.959367
0.886281
0.268651
0.279965
0.283494
0.28663
0.286847
0.282973
0.284163
0.28317
0.284319
0.284947
0.28603
0.283553
0.285658
0.285128
0.284637
0.285982
0.283898
0.285618
0.285814
0.282845
0.286496
0.468316
0.644654
0.629843
0.629663
0.629435
0.629334
0.629338
0.628836
0.628543
0.628628
0.628484
0.628538
0.629013
0.629247
0.54817
0.0477019
0.0592357
0.0635349
0.0628244
0.0628929
0.0628801
0.0630639
0.605446
0.639646
0.628614
0.630149
0.629204
0.630229
0.629107
0.630469
0.62924
0.630338
0.629589
0.630063
0.629839
0.629685
0.630166
0.629338
0.630172
0.628972
0.630396
0.629305
0.630372
0.723468
0.971616
0.957105
0.955406
0.957154
0.957033
0.955726
0.824268
0.946131
0.960436
0.955738
0.957281
0.956374
0.956765
0.956984
0.956395
0.957375
0.955666
0.957524
0.955484
0.957263
0.955515
0.902387
0.961664
0.957596
0.957356
0.956483
0.955471
0.955769
0.273615
0.0794947
0.106921
0.105438
0.105134
0.105272
0.105395
0.190123
0.293057
0.285742
0.285467
0.284994
0.283956
0.284662
0.285445
0.285835
0.285598
0.284844
0.283984
0.284816
0.28543
0.253754
0.0259154
0.0299739
0.0321298
0.0318854
0.0319724
0.0319358
0.0321528
0.272749
0.289174
0.285
0.284972
0.285154
0.285111
0.284459
0.285203
0.283977
0.285822
0.284495
0.285825
0.284627
0.285616
0.107372
0.02272
0.0322074
0.031946
0.0319192
0.0318377
0.0319613
0.131638
0.296242
0.285254
0.284569
0.283947
0.283222
0.283335
0.283648
0.284099
0.284837
0.285227
0.285069
0.285338
0.285294
0.276179
0.0321838
0.0290917
0.0324109
0.0320131
0.0320057
0.0319872
0.031968
0.0319218
0.0319024
0.0318749
0.0318511
0.031862
0.0318141
0.0317901
0.46699
0.649171
0.629123
0.630359
0.628184
0.630573
0.629706
0.628735
0.631089
0.628498
0.629664
0.630742
0.62827
0.630449
0.559381
0.628471
0.628925
0.631023
0.627914
0.630698
0.628878
0.630171
0.630097
0.629173
0.630682
0.628433
0.631175
0.627859
0.631727
0.919501
0.963715
0.954777
0.956384
0.957704
0.957448
0.956637
0.955351
0.955583
0.956977
0.957865
0.957233
0.955866
0.955294
0.654117
0.620224
0.629792
0.629297
0.630168
0.630415
0.629891
0.628929
0.62897
0.629584
0.630146
0.630303
0.629782
0.628852
0.519132
0.0444027
0.0599748
0.0635103
0.0627274
0.0626439
0.0627634
0.0659471
0.613374
0.638463
0.629118
0.62931
0.630221
0.629025
0.630345
0.62926
0.630278
0.62947
0.630196
0.629711
0.629876
0.629945
0.196139
0.0441239
0.0635584
0.0629183
0.0626677
0.0628415
0.0627255
0.169566
0.294574
0.285328
0.285239
0.285518
0.285459
0.28532
0.285238
0.284986
0.284684
0.284454
0.284619
0.28479
0.285018
0.2853
0.28541
0.285392
0.285599
0.285384
0.285169
0.28498
0.284526
0.0434394
0.0274384
0.032313
0.0319158
0.0319089
0.0319694
0.0319056
0.0319381
0.0319439
0.0319044
0.0319172
0.0318388
0.031848
0.031841
0.0318745
0.0319249
0.0318975
0.0319468
0.031946
0.0319205
0.0319752
0.238
0.653918
0.630731
0.628685
0.629326
0.629451
0.629775
0.615523
0.627011
0.630174
0.629924
0.629299
0.62942
0.630132
0.629587
0.629163
0.629742
0.629977
0.629624
0.629246
0.629817
0.630088
0.629416
0.629314
0.630011
0.629777
0.629399
0.629505
0.62975
0.848091
0.968255
0.955503
0.955986
0.956041
0.956877
0.956846
0.576404
0.258096
0.285005
0.284797
0.285655
0.285509
0.284216
0.215378
0.0222923
0.0310034
0.0321173
0.0318658
0.0319249
0.0319437
0.0487467
0.626799
0.637561
0.628392
0.630245
0.629527
0.629859
0.629863
0.606903
0.632696
0.630156
0.629213
0.628938
0.629265
0.630069
0.164798
0.046252
0.0636689
0.0627481
0.0628217
0.062913
0.0628628
0.18214
0.295689
0.285915
0.285842
0.284967
0.284673
0.284673
0.265485
0.285508
0.285967
0.284877
0.283904
0.284483
0.285511
0.285874
0.285697
0.284758
0.283986
0.284786
0.285605
0.285661
0.283924
0.6073
0.636776
0.62897
0.630136
0.629202
0.63023
0.629107
0.128909
0.0488716
0.0638293
0.0627208
0.0627536
0.0627174
0.0627499
0.652413
0.990012
0.955598
0.956858
0.955088
0.958376
0.95415
0.95905
0.953836
0.959447
0.954035
0.958819
0.955364
0.957332
0.782962
0.261718
0.282254
0.284905
0.286722
0.28359
0.285121
0.281855
0.281356
0.285871
0.285629
0.284647
0.28623
0.283805
0.286615
0.0483944
0.0271604
0.0320387
0.0320453
0.0319046
0.0320107
0.0318206
0.482682
0.648511
0.629958
0.628842
0.629285
0.630824
0.628247
0.759165
0.968401
0.959835
0.953687
0.959139
0.954821
0.957943
0.655035
0.252845
0.286026
0.287597
0.283048
0.283786
0.287244
0.278486
0.285466
0.283597
0.28533
0.286053
0.28385
0.285824
0.285016
0.284924
0.285897
0.283655
0.285774
0.285571
0.283335
0.286526
0.562504
0.640094
0.629097
0.62994
0.630393
0.630509
0.63075
0.630638
0.630478
0.630284
0.630264
0.630075
0.62975
0.629782
0.36185
0.0388367
0.0624047
0.0630133
0.062612
0.0626742
0.0626956
0.144239
0.645655
0.633725
0.628589
0.630308
0.62906
0.630266
0.629232
0.630348
0.629416
0.630138
0.629799
0.629789
0.630033
0.629351
0.630323
0.629146
0.630246
0.629006
0.630424
0.629438
0.630245
0.838329
0.969822
0.955389
0.956847
0.957141
0.955819
0.956244
0.827092
0.958884
0.958406
0.95623
0.956912
0.956929
0.95627
0.957542
0.956013
0.957623
0.955548
0.957506
0.955525
0.957
0.878584
0.936051
0.958979
0.955285
0.956951
0.957909
0.957373
0.954461
0.136721
0.0914075
0.106945
0.105433
0.105381
0.105255
0.105212
0.243654
0.290031
0.284346
0.285296
0.285788
0.285422
0.284626
0.284179
0.284974
0.285589
0.285926
0.285255
0.284268
0.28423
0.171757
0.0212296
0.0316646
0.03209
0.0318049
0.0318763
0.0319016
0.0637635
0.291957
0.286636
0.284931
0.285224
0.284823
0.285282
0.284048
0.285298
0.283871
0.285912
0.284741
0.285665
0.284909
0.285405
0.0546778
0.0263145
0.0323777
0.0318403
0.0319428
0.0318004
0.0319673
0.211345
0.295033
0.285505
0.286124
0.285233
0.285391
0.285634
0.285846
0.286081
0.286304
0.285611
0.285147
0.284996
0.283871
0.209205
0.0218494
0.0309721
0.0319992
0.0318105
0.0318569
0.0318653
0.0319109
0.0319218
0.0319491
0.0319515
0.0319782
0.0320134
0.0320255
0.0322615
0.585243
0.640282
0.629365
0.630132
0.628373
0.630862
0.629075
0.629177
0.631002
0.628199
0.629991
0.6305
0.628423
0.630607
0.568554
0.632577
0.629288
0.629852
0.630085
0.629219
0.630832
0.62851
0.631337
0.627784
0.631175
0.627731
0.630973
0.628317
0.628138
0.958991
0.960869
0.955389
0.955327
0.956041
0.957523
0.957877
0.956732
0.95546
0.955385
0.956337
0.957819
0.957557
0.956671
0.61622
0.626947
0.630434
0.62883
0.629082
0.629672
0.630262
0.630205
0.629598
0.628844
0.629152
0.629837
0.630405
0.630046
0.329752
0.0390784
0.0627741
0.0631492
0.0628115
0.0628108
0.0627933
0.167807
0.648496
0.632341
0.629637
0.629128
0.630308
0.62903
0.630365
0.629392
0.630143
0.629691
0.629959
0.629929
0.629522
0.630027
0.0945007
0.0523401
0.063682
0.0628158
0.0626995
0.0628397
0.0627615
0.234521
0.292706
0.285027
0.285024
0.284988
0.284723
0.284417
0.284545
0.284906
0.285095
0.285325
0.285486
0.285528
0.285316
0.28534
0.285181
0.284854
0.284738
0.284587
0.284485
0.284879
0.248412
0.0251343
0.030238
0.0322747
0.0318998
0.0319345
0.0319149
0.0318617
0.0318549
0.0318511
0.0318343
0.031938
0.0318802
0.0319572
0.0319053
0.0319614
0.03194
0.0319206
0.0319064
0.0318729
0.031844
0.0318789
0.430595
0.652107
0.629217
0.629777
0.630073
0.630051
0.629974
0.610751
0.629194
0.629947
0.629828
0.629526
0.629192
0.629897
0.629984
0.629164
0.62946
0.630114
0.62964
0.629345
0.629718
0.629862
0.629702
0.629528
0.62952
0.629951
0.629749
0.629217
0.579624
0.00262589
-0.00640007
0.00148034
0.000551173
0.000580559
0.000587627
0.000586353
0.000586437
0.000586441
0.000586439
0.000586439
0.000586439
0.000586439
0.000586439
0.000586439
0.000586439
0.000586439
0.000586439
0.000586439
0.000586439
0.000586439
0.000586439
0.000586439
0.000586439
0.000586439
0.000586439
0.000586439
0.000586439
0.000586439
0.000586439
0.000586439
0.000586439
0.000586439
0.000586439
0.000586439
0.000586439
0.000586439
0.000586439
0.000586439
0.000586439
0.000586439
0.000586439
0.000586439
0.000586439
0.000586439
0.000586439
0.000586439
0.000586439
0.000586439
0.000586439
0.000586439
0.000586439
0.000586439
0.000586439
0.000586439
0.000586439
0.000586439
0.000586439
0.000586439
0.000586439
