0.0
0.000198992
0.000451774
0.000702684
0.000951094
0.00119702
0.00144049
0.00168153
0.00192016
0.0021564
0.00239028
0.00262182
0.00285105
0.00307799
0.00330266
0.00352509
0.00374529
0.0039633
0.00417912
0.00439279
0.00460432
0.00481373
0.00502106
0.00522631
0.00542951
0.00563068
0.00582984
0.00602701
0.00622221
0.00641546
0.00660678
0.00679618
0.00698369
0.00716933
0.00735311
0.00753506
0.00771519
0.00789351
0.00807006
0.00824484
0.00841787
0.00858918
0.00875877
0.00892667
0.00909289
0.00925745
0.00942036
0.00958165
0.00974132
0.0098994
0.0100559
0.0102108
0.0103642
0.0105161
0.0106664
0.0108152
0.0109626
0.0111085
0.0112529
0.0113958
0.0115374
0.0116775
0.0118162
0.0119536
0.0120896
0.0122242
0.0123574
0.0124894
0.01262
0.0127493
0.0128773
0.013004
0.0131295
0.0132537
0.0133767
0.0134984
0.013619
0.0137383
0.0138564
0.0139734
0.0140892
0.0142038
0.0143173
0.0144296
0.0145408
0.014651
0.01476
0.0148679
0.0149747
0.0150805
0.0151852
0.0152889
0.0153915
0.0154931
0.0155937
0.0156933
0.0157919
0.0158895
0.0159862
0.0160818
0.0161765
0.0162703
0.0163631
0.016455
0.016546
0.0166361
0.0167253
0.0168135
0.0169009
0.0169875
0.0170731
0.0171579
0.0172419
0.017325
0.0174073
0.0174888
0.0175694
0.0176492
0.0177283
0.0178065
0.017884
0.0179607
0.0180367
0.0181118
0.0181863
0.0182599
0.0183329
0.0184051
0.0184766
0.0185474
0.0186174
0.0186868
0.0187555
0.0188235
0.0188908
0.0189574
0.0190234
0.0190887
0.0191534
0.0192174
0.0192808
0.0193435
0.0194056
0.0194671
0.019528
0.0195883
0.0196479
0.019707
0.0197655
0.0198234
0.0198807
0.0199374
0.0199936
0.0200492
0.0201043
0.0201588
0.0202128
0.0202662
0.0203191
0.0203715
0.0204233
0.0204746
0.0205254
0.0205757
0.0206255
0.0206748
0.0207236
0.020772
0.0208198
0.0208672
0.020914
0.0209605
0.0210064
0.0210519
0.021097
0.0211415
0.0211857
0.0212294
0.0212727
0.0213155
0.0213579
0.0213999
0.0214414
0.0214826
0.0215233
0.0215637
0.0216036
0.0216431
0.0216822
0.021721
0.0217593
0.0217973
0.0218349
0.0218721
0.021909
0.0219454
0.0219815
0.0220173
0.0220527
0.0220877
0.0221224
0.0221567
0.0221907
0.0222244
0.0222577
0.0222907
0.0223234
0.0223557
0.0223877
0.0224194
0.0224508
0.0224818
0.0225126
0.022543
0.0225732
0.022603
0.0226325
0.0226618
0.0226907
0.0227194
0.0227478
0.0227759
0.0228037
0.0228312
0.0228585
0.0228855
0.0229122
0.0229386
0.0229648
0.0229907
0.0230164
0.0230418
0.023067
0.0230919
0.0231165
0.0231409
0.0231651
0.023189
0.0232127
0.0232361
0.0232593
0.0232823
0.0233051
0.0233276
0.0233499
0.023372
0.0233938
0.0234155
0.0234369
0.0234581
0.0234791
0.0234999
0.0235204
0.0235408
0.023561
0.0235809
0.0236007
0.0236203
0.0236396
0.0236588
0.0236778
0.0236966
0.0237152
0.0237336
0.0237519
0.0237699
0.0237878
0.0238055
0.023823
0.0238404
0.0238575
0.0238745
0.0238914
0.023908
0.0239245
0.0239409
0.023957
0.023973
0.0239889
0.0240046
0.0240201
0.0240355
0.0240507
0.0240658
0.0240807
0.0240955
0.0241101
0.0241246
0.0241389
0.0241531
0.0241671
0.024181
0.0241948
0.0242084
0.0242219
0.0242353
0.0242485
0.0242616
0.0242746
0.0242874
0.0243001
0.0243127
0.0243251
0.0243375
0.0243497
0.0243618
0.0243737
0.0243856
0.0243973
0.0244089
0.0244204
0.0244318
0.024443
0.0244542
0.0244652
0.0244761
0.024487
0.0244977
0.0245083
0.0245188
0.0245292
0.0245394
0.0245496
0.0245597
0.0245697
0.0245796
0.0245894
0.0245991
0.0246086
0.0246181
0.0246275
0.0246368
0.0246461
0.0246552
0.0246642
0.0246731
0.024682
0.0246908
0.0246994
0.024708
0.0247165
0.0247249
0.0247333
0.0247415
0.0247497
0.0247578
0.0247658
0.0247737
0.0247815
0.0247893
0.024797
0.0248046
0.0248121
0.0248196
0.024827
0.0248343
0.0248415
0.0248487
0.0248558
0.0248628
0.0248698
0.0248767
0.0248835
0.0248902
0.0248969
0.0249035
0.0249101
0.0249166
0.024923
0.0249293
0.0249356
0.0249418
0.024948
0.0249541
0.0249601
0.0249661
0.024972
0.0249779
0.0249837
0.0249895
0.0249952
0.0250008
0.0250064
0.0250119
0.0250173
0.0250228
0.0250281
0.0250334
0.0250387
0.0250439
0.025049
0.0250541
0.0250591
0.0250641
0.0250691
0.025074
0.0250788
0.0250836
0.0250884
0.0250931
0.0250977
0.0251023
0.0251069
0.0251114
0.0251159
0.0251203
0.0251247
0.025129
0.0251333
0.0251375
0.0251418
0.0251459
0.02515
0.0251541
0.0251582
0.0251622
0.0251661
0.0251701
0.0251739
0.0251778
0.0251816
0.0251854
0.0251891
0.0251928
0.0251964
0.0252001
0.0252036
0.0252072
0.0252107
0.0252142
0.0252176
0.025221
0.0252244
0.0252277
0.0252311
0.0252343
0.0252376
0.0252408
0.025244
0.0252471
0.0252502
0.0252533
0.0252563
0.0252594
0.0252624
0.0252653
0.0252683
0.0252712
0.025274
0.0252769
0.0252797
0.0252825
0.0252852
0.025288
0.0252907
0.0252934
0.025296
0.0252986
0.0253012
0.0253038
0.0253063
0.0253127
0.0958819
0.183975
0.248515
0.29861
0.329377
0.353488
0.372625
0.371924
0.387066
0.397544
0.403972
0.407886
0.409879
0.411999
0.302029
0.0972142
0.0521637
0.0355924
0.0283518
0.0249991
0.022952
0.0280537
0.0617456
0.0909314
0.116703
0.146492
0.168986
0.17811
0.178422
0.180904
0.188531
0.195154
0.201887
0.205072
0.208721
0.211424
0.116142
0.0519221
0.0270528
0.0168533
0.011684
0.00900386
0.00760844
0.0753367
0.181294
0.268837
0.340299
0.410329
0.43984
0.458897
0.466531
0.490531
0.49909
0.504371
0.524585
0.522766
0.519835
0.416123
0.161805
0.102994
0.0829921
0.0698226
0.0601993
0.0531156
0.0518291
0.0834107
0.110713
0.132536
0.158774
0.181657
0.188341
0.189237
0.186732
0.192169
0.198272
0.204084
0.207508
0.210385
0.212464
0.127706
0.0565142
0.028841
0.0175497
0.0119987
0.00921106
0.00776899
0.00697904
0.00657316
0.00633115
0.0062386
0.00623657
0.00619917
0.00617094
0.00612448
0.00611801
0.00615822
0.00616815
0.00616062
0.00613182
0.0061031
0.0202792
0.114889
0.208375
0.284349
0.359481
0.400316
0.421107
0.440521
0.448702
0.455844
0.458748
0.461779
0.466826
0.472964
0.477204
0.479275
0.485729
0.487541
0.49166
0.498378
0.496018
0.493009
0.554064
0.570503
0.619024
0.661378
0.775332
0.789766
0.796296
0.660256
0.52447
0.419729
0.348748
0.306312
0.284144
0.270262
0.256492
0.26434
0.25189
0.241633
0.256831
0.260362
0.248592
0.229126
0.221388
0.220255
0.219281
0.221072
0.22122
0.220948
0.220868
0.113443
0.0510808
0.0268798
0.0166332
0.0115741
0.0089144
0.00755828
0.00692118
0.00656527
0.00636106
0.0062409
0.00616407
0.00616766
0.00620098
0.00616685
0.00615939
0.0061173
0.00611398
0.00618364
0.00616352
0.0061511
0.0418041
0.143133
0.231254
0.302762
0.354961
0.391508
0.41916
0.424645
0.430897
0.446705
0.458367
0.467025
0.473708
0.476791
0.462389
0.142323
0.0624002
0.0360971
0.0265218
0.0220599
0.0175456
0.013702
0.0308214
0.0592402
0.0848162
0.101987
0.113426
0.132014
0.146493
0.162424
0.179675
0.182676
0.185725
0.200906
0.190242
0.179262
0.127379
0.0479199
0.0223305
0.0133289
0.00898548
0.00681396
0.00571283
0.00514938
0.00485003
0.00469979
0.00461441
0.00457836
0.00456294
0.00454733
0.00454824
0.0045503
0.0045435
0.00455289
0.00457815
0.0045865
0.004577
0.00549905
0.0924022
0.189522
0.27081
0.331465
0.372612
0.402224
0.426166
0.44164
0.456673
0.462984
0.465238
0.475929
0.476475
0.476018
0.282595
0.101047
0.0539285
0.0352692
0.0254929
0.0196566
0.0164754
0.0215427
0.0448981
0.0731007
0.0976135
0.118771
0.137082
0.145388
0.145821
0.154261
0.155491
0.155904
0.173216
0.184661
0.178592
0.173345
0.089894
0.0430506
0.0237877
0.0153326
0.0110465
0.00874728
0.00758744
0.00698858
0.00664294
0.00648286
0.00640067
0.00636349
0.00636327
0.00632508
0.00632587
0.0063405
0.00629691
0.00632006
0.00633512
0.0063084
0.00633619
0.0423895
0.14034
0.216583
0.269633
0.307119
0.342204
0.362672
0.383032
0.414263
0.437938
0.45443
0.441575
0.455351
0.474647
0.453439
0.124478
0.0478145
0.028964
0.0221089
0.01831
0.0157741
0.0141007
0.0325633
0.0604512
0.0894447
0.116081
0.135698
0.154078
0.169258
0.15235
0.148022
0.149634
0.145396
0.134539
0.138377
0.142458
0.109337
0.0630282
0.0406754
0.0284583
0.0216682
0.0172819
0.0139736
0.0114449
0.00971605
0.0084329
0.00739143
0.00671854
0.00624466
0.00577834
0.00552711
0.00537337
0.00513742
0.00503995
0.00501769
0.00488238
0.00484312
0.0067294
0.0993521
0.196222
0.275297
0.337131
0.376829
0.40902
0.432179
0.449076
0.460571
0.464179
0.472038
0.47039
0.473232
0.478309
0.279963
0.0894057
0.0478485
0.0316629
0.0242121
0.01986
0.0164952
0.0277579
0.0602307
0.0855961
0.105714
0.127221
0.145502
0.159895
0.162828
0.158192
0.157725
0.157593
0.152643
0.152744
0.155854
0.151902
0.103447
0.0850345
0.0725783
0.0628037
0.0554126
0.0497247
0.0453448
0.0418835
0.0392915
0.0372589
0.035636
0.0344395
0.0334977
0.0328137
0.0321691
0.0317339
0.0314241
0.0311952
0.0309618
0.0307661
0.0307065
0.0732824
0.177419
0.263363
0.329417
0.372329
0.400943
0.423382
0.439251
0.449108
0.459993
0.46809
0.474437
0.480876
0.481986
0.433971
0.141337
0.0640591
0.0380405
0.0271278
0.0216867
0.0176358
0.0156513
0.0485609
0.0757633
0.0953476
0.119597
0.150486
0.169264
0.184165
0.186529
0.188334
0.180619
0.181545
0.203793
0.206424
0.207301
0.14863
0.0729933
0.0393552
0.0236532
0.0160778
0.0119985
0.00976439
0.00856272
0.00797163
0.00763969
0.00741119
0.00730153
0.00727016
0.00724393
0.00718282
0.00719783
0.00720948
0.0072004
0.00716954
0.0071959
0.00721133
0.0102585
0.108455
0.202671
0.280193
0.3437
0.387152
0.417514
0.440438
0.435515
0.44557
0.45062
0.460591
0.471273
0.469722
0.468824
0.256712
0.0926562
0.0494332
0.0319088
0.0239184
0.0192321
0.0159032
0.0290007
0.0629021
0.0918115
0.117666
0.150086
0.167939
0.177329
0.174915
0.180654
0.189089
0.195825
0.20232
0.205335
0.209131
0.203556
0.0941575
0.0434625
0.0237258
0.0152389
0.0108448
0.00857806
0.00872984
0.10382
0.204269
0.286806
0.359283
0.419275
0.444351
0.46253
0.473326
0.492623
0.500077
0.509482
0.524156
0.521934
0.519713
0.322634
0.139247
0.0969076
0.0794013
0.0671454
0.0582797
0.0517129
0.0584074
0.0905581
0.116668
0.13713
0.166473
0.183678
0.189618
0.185552
0.187314
0.193966
0.19962
0.205326
0.208193
0.21104
0.211024
0.103529
0.0471711
0.0251775
0.0158099
0.0111249
0.00876452
0.00752221
0.00685678
0.00650675
0.0062957
0.00622681
0.00623868
0.00619033
0.0061711
0.00612666
0.00611683
0.00617746
0.00616931
0.00616052
0.00613377
0.00610278
0.0407957
0.139886
0.228325
0.302521
0.370968
0.408084
0.427157
0.433277
0.453739
0.457846
0.459618
0.463893
0.467919
0.472765
0.474052
0.483717
0.485862
0.487486
0.493966
0.498192
0.495154
0.49067
0.548171
0.598126
0.648216
0.687383
0.770256
0.794628
0.814854
0.621331
0.494814
0.402373
0.334046
0.296613
0.279147
0.265666
0.258878
0.26143
0.249132
0.241664
0.26278
0.257277
0.246349
0.224934
0.220496
0.220153
0.21936
0.221535
0.221147
0.221143
0.20604
0.0920716
0.0428993
0.0236108
0.015052
0.0107525
0.00849339
0.00733658
0.00681472
0.00650185
0.00632217
0.00621995
0.00615605
0.00617158
0.00619372
0.00616958
0.00615462
0.00611425
0.00612868
0.00618285
0.00616768
0.00615767
0.0673088
0.166213
0.251042
0.311655
0.362146
0.399667
0.424101
0.424664
0.436483
0.450561
0.45576
0.468189
0.474358
0.477422
0.360755
0.114211
0.0573301
0.0337581
0.0238278
0.0195907
0.0169355
0.0146667
0.0372613
0.0661104
0.09039
0.104268
0.118463
0.136124
0.149473
0.169674
0.180569
0.18327
0.189257
0.200175
0.187208
0.176869
0.101205
0.0387865
0.0195378
0.0120621
0.00837535
0.00651578
0.00557001
0.00509044
0.00481833
0.00468287
0.00461653
0.00457223
0.00455416
0.00454813
0.00453598
0.00453496
0.0045388
0.00454147
0.00455853
0.00456772
0.00455582
0.0165643
0.117582
0.21137
0.286773
0.34185
0.380699
0.408869
0.427437
0.448181
0.458264
0.463791
0.470608
0.476192
0.475966
0.477927
0.205795
0.0837116
0.0492756
0.0315268
0.0236361
0.0192209
0.0154189
0.0260995
0.0521217
0.0780447
0.102962
0.122986
0.13939
0.149533
0.146354
0.154997
0.155501
0.156146
0.179865
0.182954
0.17731
0.157668
0.0744338
0.036564
0.0211284
0.0140221
0.0103148
0.00840469
0.00740185
0.00686536
0.00660741
0.00644404
0.00638444
0.00637482
0.00634031
0.00633623
0.00633962
0.00630129
0.00632581
0.00632769
0.00629944
0.00633353
0.00633988
0.0680243
0.161386
0.231407
0.282663
0.319492
0.347257
0.367228
0.387329
0.420743
0.442539
0.447479
0.435364
0.460535
0.4794
0.355655
0.0935311
0.0407264
0.0265853
0.0211524
0.0174922
0.0151613
0.0157734
0.0381634
0.0677908
0.0964
0.120989
0.14072
0.158173
0.168463
0.149608
0.148263
0.150021
0.142561
0.134881
0.139509
0.143712
0.0952577
0.0562113
0.0367287
0.0265902
0.0204442
0.0162862
0.0133358
0.010993
0.00932185
0.00816664
0.00723088
0.00655201
0.0061104
0.00573334
0.00544826
0.00529593
0.0051434
0.00501045
0.0049676
0.00491224
0.00482938
0.0222942
0.123422
0.218176
0.292325
0.349959
0.386086
0.415137
0.439589
0.453408
0.462109
0.466162
0.472099
0.471593
0.475107
0.4785
0.200523
0.0772618
0.0436698
0.028652
0.0226004
0.0188438
0.0160135
0.0362626
0.0668322
0.090825
0.111279
0.131844
0.149155
0.162615
0.161028
0.158268
0.157862
0.156977
0.151416
0.153641
0.15661
0.137104
0.0975071
0.0815821
0.0699721
0.0608791
0.0538294
0.0486087
0.0444342
0.0412136
0.0386821
0.0368295
0.035322
0.0341895
0.0332666
0.0326461
0.0320899
0.0316498
0.0313275
0.0311541
0.0309564
0.0307383
0.0306551
0.0990186
0.199602
0.280833
0.340264
0.379183
0.407052
0.427679
0.44714
0.452468
0.461665
0.470525
0.477383
0.481873
0.481527
0.321723
0.107508
0.0556937
0.0358172
0.025946
0.0201276
0.0161726
0.0209079
0.0569217
0.0808991
0.0995156
0.128546
0.155613
0.173468
0.179866
0.190786
0.186467
0.179113
0.187548
0.204968
0.206858
0.207946
0.124325
0.0620425
0.0343384
0.0213731
0.0148261
0.011278
0.00941253
0.00841516
0.00784812
0.00755383
0.00739667
0.00732008
0.00723275
0.00721898
0.00720732
0.00720826
0.00717996
0.00719735
0.00719855
0.00719175
0.00718555
0.0286889
0.130948
0.215897
0.279215
0.329396
0.359157
0.383578
0.387649
0.398858
0.408432
0.414681
0.423565
0.42791
0.429318
0.431129
0.183354
0.0715827
0.0388977
0.0253776
0.0186759
0.0147121
0.012203
0.0302511
0.0554093
0.077337
0.0973507
0.112802
0.123298
0.130464
0.137203
0.165936
0.189241
0.211397
0.234126
0.248806
0.26081
0.214506
0.105664
0.0637911
0.0451213
0.0345197
0.0280911
0.0240973
0.0369882
0.148347
0.248296
0.328023
0.398773
0.437315
0.475501
0.490538
0.4944
0.520887
0.541107
0.555032
0.551376
0.553415
0.559561
0.302572
0.121485
0.0690308
0.0518183
0.0446734
0.0393518
0.0366262
0.0520409
0.081628
0.107094
0.125741
0.139814
0.149183
0.157189
0.161695
0.171313
0.183734
0.196932
0.204521
0.211502
0.223866
0.223566
0.178213
0.14607
0.123277
0.10753
0.0968138
0.0890085
0.0810322
0.0471117
0.030086
0.0226454
0.0184531
0.0161085
0.0145103
0.0134483
0.0145996
0.0157836
0.0165035
0.0170914
0.0172597
0.0175102
0.0174821
0.0875477
0.195131
0.283236
0.360708
0.422408
0.454097
0.476139
0.511971
0.537796
0.531032
0.514994
0.493737
0.501302
0.511309
0.506823
0.557763
0.607362
0.649936
0.696788
0.712388
0.735731
0.701634
0.699948
0.727333
0.736952
0.757558
0.766255
0.780969
0.769721
0.407919
0.243945
0.173402
0.132329
0.107828
0.091392
0.0792647
0.0957728
0.121773
0.142901
0.160977
0.175546
0.186148
0.195017
0.185851
0.183176
0.184741
0.186285
0.191337
0.18873
0.191718
0.164519
0.0883113
0.0550193
0.0395349
0.0307139
0.025403
0.0224632
0.0188998
0.0123264
0.00912185
0.00757358
0.0068264
0.00664105
0.00657108
0.00722778
0.0181804
0.0297417
0.0398234
0.0485604
0.0563417
0.0631584
0.0695151
0.160227
0.263338
0.366126
0.465224
0.532863
0.596762
0.639564
0.591035
0.602763
0.612262
0.605236
0.592092
0.579311
0.565723
0.349404
0.138486
0.0726154
0.0524228
0.0433776
0.0381812
0.0348362
0.0412892
0.0774196
0.106174
0.130905
0.149299
0.170013
0.186229
0.189066
0.19334
0.203196
0.207505
0.204694
0.211883
0.212352
0.223649
0.0904623
0.0437876
0.0301451
0.0230555
0.0193719
0.0169497
0.015033
0.0216232
0.032023
0.0408883
0.0481776
0.0544917
0.0597555
0.0638815
0.0631653
0.0685264
0.0730319
0.0763308
0.0789127
0.0808767
0.0830185
0.119139
0.221571
0.307647
0.379027
0.429395
0.469172
0.499463
0.502544
0.539868
0.565016
0.582655
0.571638
0.56395
0.5545
0.531482
0.362332
0.254877
0.195482
0.159312
0.135276
0.12049
0.111194
0.12069
0.136313
0.14523
0.156724
0.172278
0.178841
0.182364
0.176632
0.180955
0.178788
0.172937
0.17854
0.184365
0.18294
0.138218
0.0757324
0.0494264
0.0372384
0.0292263
0.0241527
0.0216877
0.0190881
0.0119988
0.00889299
0.00787489
0.00703648
0.00647162
0.00656869
0.00790628
0.0187629
0.0295359
0.0389713
0.0469162
0.0536686
0.0593578
0.0664959
0.171404
0.279206
0.36999
0.432178
0.480891
0.546956
0.602062
0.596173
0.59781
0.58652
0.574221
0.584078
0.567355
0.549472
0.419554
0.255384
0.180791
0.139181
0.111258
0.0915427
0.079939
0.080494
0.109906
0.131914
0.152529
0.171376
0.188549
0.194284
0.203413
0.200341
0.207729
0.217656
0.210692
0.216108
0.221923
0.229486
0.188425
0.150569
0.127029
0.11102
0.0994075
0.0909321
0.0857087
0.0824041
0.0794973
0.077194
0.0760476
0.0752959
0.0745945
0.0737422
0.0552094
0.034709
0.0250815
0.0212292
0.0184976
0.0158418
0.0144028
0.0588533
0.180045
0.286461
0.375603
0.442633
0.517263
0.581766
0.621672
0.658773
0.69479
0.715612
0.769451
0.797339
0.79653
0.734263
0.379333
0.235282
0.170308
0.131064
0.106236
0.0901585
0.0781926
0.0997997
0.126836
0.14912
0.167942
0.181558
0.191939
0.200772
0.19942
0.199651
0.200061
0.198323
0.20302
0.205034
0.204065
0.173391
0.142541
0.121184
0.105911
0.0954067
0.0878365
0.0825318
0.0780834
0.0749853
0.0733492
0.0726563
0.0723633
0.0723906
0.0725694
0.0726791
0.0730624
0.0733698
0.0737998
0.0739696
0.0740589
0.074015
0.0761632
0.172631
0.273504
0.35194
0.410678
0.458408
0.480456
0.496126
0.503776
0.509727
0.521309
0.525887
0.520593
0.526647
0.53172
0.389586
0.246854
0.174654
0.134618
0.108886
0.0906074
0.0783976
0.0816288
0.102482
0.122641
0.137921
0.151589
0.164775
0.171283
0.173161
0.183979
0.188477
0.203031
0.215248
0.217448
0.21604
0.20089
0.0888378
0.0522612
0.0391395
0.0318788
0.0282595
0.0257171
0.0241756
0.0232988
0.0234648
0.0236079
0.0236225
0.0236793
0.0237517
0.0237942
0.0227515
0.0208858
0.0197771
0.0190095
0.0186835
0.0184907
0.0185247
0.0688001
0.182398
0.282087
0.370087
0.462603
0.508705
0.533873
0.534988
0.561677
0.587935
0.606649
0.602425
0.601897
0.611788
0.589124
0.269184
0.134902
0.0840766
0.0640772
0.0559094
0.0515054
0.0492962
0.0758618
0.100794
0.119481
0.13162
0.136108
0.144514
0.150678
0.165893
0.217802
0.277703
0.326428
0.352744
0.396997
0.439382
0.351153
0.269242
0.218423
0.184233
0.159644
0.141497
0.127921
0.161398
0.258131
0.355316
0.44118
0.514433
0.56544
0.61561
0.63008
0.664164
0.697378
0.72164
0.74612
0.762104
0.776916
0.746549
0.474651
0.309373
0.227462
0.176806
0.147376
0.128247
0.114404
0.123531
0.136839
0.150401
0.158958
0.167217
0.171663
0.177032
0.167931
0.173419
0.172489
0.178939
0.179188
0.182504
0.18241
0.110641
0.0357105
0.0174508
0.0108063
0.00843718
0.00723666
0.00685374
0.0101435
0.022273
0.0336291
0.0433199
0.0513441
0.0583336
0.0647009
0.0685397
0.0717258
0.0749809
0.0768498
0.0789892
0.0811924
0.0830017
0.0862918
0.176026
0.266182
0.328855
0.385248
0.437572
0.46933
0.493218
0.566031
0.633265
0.665254
0.709071
0.801663
0.882912
0.958128
0.975682
0.967662
0.900875
0.875914
0.957927
0.935874
0.909697
0.788994
0.781253
0.791103
0.798436
0.823363
0.782597
0.782365
0.731729
0.451988
0.30098
0.219596
0.173624
0.145236
0.127559
0.114716
0.135748
0.164143
0.191113
0.213865
0.229823
0.248078
0.260713
0.243533
0.244235
0.233304
0.238295
0.237438
0.237976
0.236699
0.216703
0.186379
0.163668
0.146581
0.13421
0.123765
0.116592
0.0915331
0.0533755
0.039964
0.0323908
0.0284987
0.0261695
0.0248106
0.0231021
0.0215822
0.0199128
0.0191812
0.0186165
0.0183713
0.0181108
0.0282781
0.13378
0.234221
0.318005
0.380182
0.432998
0.484323
0.518939
0.479693
0.469896
0.460128
0.44828
0.450728
0.454973
0.457948
0.32806
0.220112
0.160294
0.12444
0.101885
0.0870151
0.075708
0.07751
0.108062
0.134258
0.148657
0.164569
0.17879
0.190921
0.183584
0.181827
0.184691
0.1897
0.185987
0.187839
0.191727
0.184372
0.150746
0.126283
0.109743
0.0984584
0.0906921
0.0852984
0.0814444
0.078647
0.0767102
0.0751759
0.0739278
0.0729914
0.0725023
0.072189
0.0717866
0.0714201
0.0711358
0.0708555
0.0706614
0.0704818
0.0704969
0.133923
0.248394
0.361763
0.453729
0.527937
0.593655
0.635195
0.670104
0.713756
0.756514
0.788466
0.753794
0.745384
0.745518
0.626691
0.369235
0.246201
0.182386
0.145025
0.122184
0.108134
0.100801
0.132178
0.15319
0.182046
0.17802
0.18982
0.200811
0.19399
0.193922
0.207717
0.217478
0.203721
0.213293
0.222765
0.230633
0.19389
0.1553
0.12929
0.112546
0.100701
0.0919017
0.0859296
0.0822882
0.0795287
0.0771802
0.0756796
0.0749805
0.0743211
0.0737053
0.0629164
0.0445586
0.034046
0.0277292
0.0239918
0.0217157
0.0203566
0.0331842
0.1435
0.241001
0.330052
0.387673
0.428015
0.463997
0.513853
0.534727
0.540848
0.54439
0.565467
0.58055
0.566475
0.57055
0.260091
0.110572
0.0659103
0.0500411
0.0429848
0.0393105
0.0362108
0.0538665
0.0832783
0.107041
0.123246
0.135348
0.145938
0.153977
0.164961
0.19485
0.22264
0.247937
0.275999
0.298456
0.315991
0.302359
0.234679
0.189096
0.158104
0.13684
0.121617
0.110547
0.0981965
0.0938039
0.093221
0.0927184
0.091933
0.0911913
0.0905346
0.0901939
0.0901415
0.0901024
0.0897564
0.0899216
0.090378
0.0906552
0.0914042
0.164327
0.279042
0.376385
0.448502
0.483247
0.562107
0.632651
0.672724
0.715508
0.742973
0.753873
0.768589
0.786491
0.794985
0.643966
0.346019
0.223332
0.165873
0.131211
0.109212
0.0935581
0.0858978
0.110874
0.136089
0.158479
0.178762
0.191525
0.202997
0.209949
0.209669
0.207444
0.203673
0.200595
0.206025
0.204343
0.201071
0.159213
0.132055
0.111755
0.0988782
0.0884726
0.0818387
0.077269
0.0591347
0.0382806
0.0270826
0.0214055
0.0183269
0.0167755
0.0158844
0.0154816
0.0152156
0.0151157
0.0150264
0.0150064
0.015013
0.0149482
0.0359295
0.148467
0.252978
0.33553
0.400969
0.445052
0.470688
0.488478
0.495294
0.507893
0.52045
0.52263
0.520124
0.527623
0.533613
0.345057
0.225691
0.162471
0.126943
0.102803
0.0868714
0.0754867
0.0873138
0.10753
0.126508
0.141644
0.155895
0.166099
0.1735
0.176499
0.181583
0.195164
0.20908
0.215113
0.213448
0.220672
0.168166
0.0763154
0.0477645
0.0368104
0.0309009
0.0274715
0.025366
0.0235712
0.0233814
0.0234707
0.0235846
0.0236631
0.0237167
0.0237317
0.0238236
0.0220141
0.0203483
0.0193896
0.0189438
0.0187695
0.0186056
0.0186844
0.0973503
0.207961
0.304437
0.393338
0.478054
0.516078
0.538642
0.539002
0.568555
0.593603
0.610386
0.600828
0.604803
0.613501
0.486024
0.216906
0.13338
0.0969022
0.0761309
0.0628694
0.0541436
0.0555398
0.0855534
0.116637
0.145914
0.171968
0.193477
0.215888
0.222855
0.18681
0.171686
0.162083
0.155089
0.145803
0.142687
0.141234
0.0959682
0.0690423
0.0558532
0.0482806
0.0426021
0.0383316
0.0351197
0.0998025
0.205059
0.300941
0.382
0.443833
0.49522
0.536091
0.531014
0.525869
0.520013
0.515036
0.518699
0.509798
0.505587
0.419664
0.136263
0.0622621
0.0409667
0.0311611
0.0255435
0.0218095
0.0223663
0.05237
0.0825601
0.106547
0.125595
0.13943
0.146751
0.148069
0.148439
0.161672
0.172784
0.18197
0.182512
0.183463
0.181922
0.121078
0.0806267
0.0615002
0.0517947
0.045218
0.0403566
0.0367225
0.0294476
0.0211641
0.0163825
0.0135803
0.0119507
0.0110595
0.0105756
0.0119381
0.0164983
0.0207475
0.024334
0.0272772
0.0293517
0.0307764
0.0473838
0.160676
0.303376
0.437215
0.503889
0.526009
0.531659
0.538501
0.533199
0.540858
0.542337
0.531741
0.536403
0.531732
0.526333
0.497555
0.503027
0.512999
0.5256
0.525049
0.530082
0.534263
0.498068
0.487855
0.477484
0.471013
0.466991
0.461408
0.460985
0.301092
0.087377
0.0553605
0.0501177
0.0467368
0.044088
0.0422582
0.0479621
0.0790563
0.104614
0.125601
0.150331
0.153552
0.165224
0.16254
0.166186
0.174857
0.1816
0.188117
0.191429
0.196156
0.198946
0.0919126
0.0415677
0.0260829
0.0200257
0.0164922
0.0142323
0.0127986
0.0119519
0.0114436
0.0111778
0.0110117
0.0108234
0.0107153
0.0106839
0.0122212
0.0147194
0.016593
0.0180263
0.0190421
0.0198367
0.0204355
0.0548367
0.164691
0.255097
0.338462
0.369986
0.418114
0.465097
0.471236
0.493904
0.527977
0.552362
0.555829
0.559813
0.565605
0.560249
0.22121
0.104391
0.0707214
0.0563454
0.0478159
0.0416435
0.0389772
0.0580592
0.085827
0.110741
0.126134
0.138905
0.15477
0.162289
0.157264
0.166107
0.171283
0.176442
0.184033
0.186234
0.190281
0.168508
0.112918
0.0810178
0.0637373
0.0533629
0.0464691
0.0421261
0.0364166
0.035183
0.0346896
0.0337704
0.0337073
0.0336241
0.0336648
0.0333196
0.0325091
0.032743
0.0328119
0.033169
0.0332222
0.0326456
0.0333339
0.124975
0.235179
0.329064
0.410224
0.481104
0.541537
0.581155
0.587054
0.577629
0.56871
0.555466
0.549914
0.545165
0.543857
0.343221
0.111187
0.0554206
0.0396637
0.0307359
0.0245176
0.0214362
0.0288692
0.0603765
0.0886367
0.110889
0.129582
0.143179
0.153608
0.159054
0.159612
0.157367
0.154523
0.152488
0.151734
0.151288
0.147507
0.0731196
0.0383126
0.0244395
0.0181673
0.0151329
0.0134449
0.0121412
0.0115261
0.0114512
0.0113216
0.0109289
0.0108372
0.0109885
0.0109899
0.00876299
0.00765645
0.00728061
0.00669891
0.00632015
0.00660196
0.00679381
0.0424124
0.15343
0.249783
0.326164
0.391142
0.439369
0.464432
0.474017
0.482367
0.515805
0.545083
0.531717
0.527487
0.533255
0.509551
0.150397
0.0537724
0.029719
0.02034
0.0158051
0.0135149
0.0123061
0.0355558
0.0630098
0.0858506
0.101566
0.112479
0.124032
0.132842
0.145336
0.156425
0.162435
0.170258
0.185202
0.190726
0.189585
0.148624
0.0969869
0.0716714
0.0555761
0.0451621
0.0375628
0.0334029
0.0302853
0.0283881
0.0269282
0.0256974
0.0248049
0.0243533
0.0240702
0.0236326
0.0230383
0.0226476
0.0227006
0.0229451
0.0231882
0.0229894
0.0242134
0.122829
0.233099
0.324745
0.396784
0.453175
0.512404
0.557192
0.600254
0.635125
0.662699
0.690958
0.726993
0.727043
0.724636
0.390521
0.134712
0.0757197
0.0570909
0.048931
0.0430297
0.0385995
0.0478727
0.0776108
0.103514
0.123101
0.145613
0.160538
0.168095
0.176753
0.185768
0.19119
0.19526
0.190696
0.189282
0.187336
0.17981
0.114002
0.0792524
0.0607593
0.0494583
0.0416316
0.0362337
0.0319275
0.0291092
0.0274275
0.0260195
0.0251733
0.0248262
0.0242998
0.0238702
0.022159
0.0188187
0.0164212
0.0149534
0.0137894
0.0129384
0.0124322
0.05733
0.165989
0.257251
0.328189
0.383603
0.426775
0.459301
0.478699
0.494936
0.505245
0.513331
0.525169
0.526893
0.531171
0.489973
0.164758
0.0687995
0.0435086
0.0327922
0.0266668
0.0226215
0.0204937
0.0447542
0.0711098
0.0912709
0.105938
0.116675
0.123983
0.130091
0.132576
0.137702
0.141447
0.142634
0.143568
0.143519
0.144354
0.0888208
0.031239
0.016003
0.0105711
0.00819999
0.00717601
0.00689096
0.00814435
0.011644
0.0144444
0.0164305
0.0177877
0.0187981
0.0197128
0.0207183
0.0211768
0.0216372
0.0219736
0.0223429
0.0226209
0.0230366
0.0266867
0.128634
0.243262
0.351285
0.448415
0.517798
0.566238
0.60181
0.559998
0.549957
0.542531
0.538829
0.532116
0.524715
0.519274
0.324812
0.14861
0.0860938
0.0622563
0.0525375
0.0469418
0.0427977
0.053652
0.0845975
0.112028
0.136939
0.166373
0.184702
0.197228
0.187457
0.181025
0.186519
0.19159
0.19918
0.202147
0.204083
0.192654
0.12178
0.083437
0.0618077
0.0487298
0.0402101
0.0342414
0.0314152
0.120977
0.223304
0.315436
0.397493
0.463387
0.535332
0.600299
0.596943
0.639314
0.677358
0.705175
0.735158
0.738052
0.737082
0.448447
0.153779
0.0852904
0.0629791
0.0537952
0.0484555
0.0445019
0.0508142
0.0782235
0.098533
0.111465
0.121736
0.129796
0.136994
0.135911
0.160099
0.185913
0.210315
0.225668
0.236275
0.25713
0.266759
0.146368
0.0879705
0.0616578
0.0481932
0.0396199
0.0337572
0.0296184
0.0268487
0.0248641
0.0235983
0.0226428
0.0219601
0.021442
0.0210019
0.0207351
0.0205358
0.0204067
0.0203447
0.0202647
0.0201544
0.0200471
0.0591748
0.171089
0.27197
0.361434
0.432799
0.487425
0.530161
0.556059
0.589818
0.608979
0.61923
0.625485
0.629084
0.634482
0.614234
0.574769
0.552675
0.538075
0.531312
0.521403
0.51029
0.497
0.516015
0.551901
0.573565
0.59486
0.60497
0.627632
0.648463
0.321033
0.119326
0.0711729
0.0553353
0.0477229
0.0424899
0.0387129
0.0503685
0.0783063
0.10406
0.126665
0.141882
0.15461
0.166942
0.16181
0.153724
0.145701
0.140798
0.141047
0.136537
0.13163
0.123928
0.0937059
0.0741204
0.0619867
0.054365
0.0488448
0.0445488
0.0411386
0.0385691
0.0365076
0.0349177
0.0337583
0.0329003
0.0321448
0.0315768
0.0310968
0.0307834
0.0305916
0.0303072
0.0301477
0.0301024
0.0299828
0.0883168
0.199056
0.29631
0.374892
0.445326
0.500311
0.544543
0.530297
0.564187
0.589658
0.605705
0.620356
0.624812
0.634644
0.525417
0.184831
0.0940935
0.0641374
0.0534883
0.047384
0.0429524
0.0409501
0.0675396
0.0949067
0.117049
0.132446
0.150144
0.161856
0.169491
0.168239
0.173736
0.180119
0.182587
0.185349
0.190218
0.191001
0.139291
0.0921978
0.0671582
0.053857
0.0445974
0.0385325
0.0339013
0.0307265
0.0285166
0.0270169
0.0260462
0.0250943
0.0244649
0.0237411
0.0232753
0.0228122
0.022866
0.0227342
0.0227414
0.0225322
0.0223315
0.0332662
0.139187
0.242757
0.333677
0.409673
0.467321
0.509885
0.530406
0.52493
0.538637
0.544886
0.558127
0.564459
0.569823
0.56574
0.258899
0.0960232
0.0517862
0.0331999
0.0234201
0.0192302
0.0170457
0.0305132
0.0587468
0.0832744
0.10502
0.122737
0.137325
0.150673
0.155435
0.161455
0.16417
0.166569
0.163098
0.166118
0.167058
0.144852
0.0462782
0.0183845
0.0110497
0.00841811
0.00707265
0.00670324
0.00685885
0.00621543
0.00554776
0.00540172
0.00553123
0.00521436
0.00487397
0.00493544
0.00448275
0.00405046
0.00373763
0.0035105
0.00338549
0.00328162
0.00321688
0.0653768
0.160564
0.231012
0.282382
0.319754
0.348337
0.369034
0.379807
0.396293
0.403199
0.40219
0.404411
0.413804
0.415209
0.314546
0.100717
0.0528178
0.0358309
0.028492
0.0248996
0.0229462
0.0236311
0.0495515
0.07099
0.0863687
0.0964493
0.106716
0.112263
0.117587
0.120276
0.122351
0.123543
0.123398
0.124973
0.125689
0.125848
0.0565735
0.0232916
0.0163964
0.0120999
0.00916812
0.0072768
0.00594469
0.00498755
0.00440283
0.00398456
0.00365216
0.00348125
0.00336217
0.00322593
0.00319664
0.0031796
0.00309948
0.0031051
0.00312387
0.00304881
0.00306407
0.0184689
0.11906
0.201268
0.261164
0.304567
0.336801
0.360322
0.381172
0.396015
0.403745
0.408851
0.410751
0.414168
0.416732
0.418246
0.181619
0.0718081
0.0438335
0.0319747
0.0265955
0.0240609
0.0221993
0.0370944
0.0618229
0.0801688
0.0934033
0.102891
0.110171
0.115028
0.119613
0.122578
0.123868
0.124509
0.125122
0.125741
0.125979
0.10363
0.0345495
0.0196486
0.014361
0.0107615
0.00833352
0.0066756
0.00552262
0.00477138
0.0042174
0.00386028
0.00360905
0.00345611
0.00332349
0.00325059
0.00319326
0.00316478
0.0031355
0.00311032
0.0031134
0.0031046
0.0031008
0.0721959
0.165985
0.236312
0.287691
0.323133
0.350285
0.370104
0.384436
0.393481
0.400817
0.406601
0.410399
0.412527
0.415325
0.30982
0.0987089
0.0527319
0.0359391
0.0284484
0.0249823
0.0229771
0.0256248
0.0516754
0.0729732
0.0879374
0.0985977
0.106246
0.112158
0.115698
0.119199
0.121848
0.12307
0.123414
0.123806
0.124396
0.124831
0.0556788
0.0234398
0.0164154
0.0122335
0.00938248
0.00739532
0.00605789
0.00515614
0.00452819
0.00407149
0.00377705
0.00358399
0.00342659
0.00330898
0.00324279
0.00320384
0.00315652
0.0031292
0.00312365
0.00311989
0.00309633
0.0226715
0.123101
0.204075
0.263538
0.308644
0.336583
0.359391
0.367096
0.378949
0.390729
0.399666
0.406289
0.406883
0.41099
0.414116
0.246446
0.14501
0.102235
0.079907
0.064852
0.0562097
0.0495762
0.0684616
0.0994804
0.129987
0.158719
0.18087
0.203829
0.225305
0.199853
0.177893
0.166137
0.159058
0.150334
0.14387
0.141741
0.11896
0.0803508
0.0613928
0.0517796
0.0453441
0.0403666
0.0366566
0.0473961
0.151135
0.254039
0.344551
0.416986
0.467874
0.515664
0.544774
0.528902
0.523345
0.517865
0.517162
0.511558
0.508543
0.505548
0.246017
0.0866079
0.0497474
0.0354471
0.028122
0.0234304
0.0207716
0.0360151
0.0679233
0.095197
0.116972
0.13435
0.143448
0.149628
0.143879
0.154464
0.167236
0.176523
0.181526
0.18304
0.182781
0.156407
0.0973555
0.0695687
0.056108
0.0483487
0.0426552
0.0384226
0.0345066
0.0248702
0.0185454
0.0148409
0.0126526
0.0114265
0.0107819
0.0104723
0.0142196
0.0184401
0.0223716
0.0258319
0.0282428
0.0301481
0.0309483
0.0988676
0.230605
0.370039
0.486452
0.518957
0.52839
0.533958
0.523278
0.538608
0.542554
0.537508
0.533587
0.534561
0.530131
0.503054
0.507172
0.516444
0.525108
0.531155
0.522314
0.524225
0.509753
0.492274
0.485111
0.477328
0.470982
0.467028
0.462817
0.45807
0.156271
0.0632825
0.0523465
0.0482987
0.045315
0.0431434
0.0415309
0.0624571
0.087437
0.112374
0.140094
0.15294
0.164998
0.17759
0.16073
0.170657
0.178064
0.185288
0.189978
0.193781
0.197557
0.149662
0.0593496
0.0319901
0.0226022
0.018062
0.0152669
0.0134655
0.0123305
0.0116634
0.0112905
0.0110877
0.0109453
0.0107688
0.0106971
0.0109582
0.0134691
0.0156902
0.0173393
0.0185419
0.0195199
0.0201028
0.0211271
0.110095
0.210076
0.296801
0.355322
0.389094
0.443143
0.482396
0.476006
0.511991
0.541343
0.55393
0.555493
0.563198
0.567354
0.379068
0.143583
0.0839362
0.0620256
0.0515551
0.0441413
0.0398515
0.0439267
0.0713399
0.0990072
0.119901
0.131139
0.148065
0.158491
0.157435
0.161961
0.169265
0.17368
0.179728
0.185468
0.187163
0.192133
0.138125
0.0950263
0.0712087
0.058108
0.0497182
0.0440989
0.0406995
0.0354504
0.0350369
0.034176
0.0336747
0.0336841
0.0336365
0.0336384
0.0328477
0.0325399
0.032766
0.0329875
0.0333151
0.0328802
0.0326741
0.0680671
0.176838
0.282895
0.37519
0.449138
0.507952
0.56199
0.590775
0.584313
0.572116
0.564924
0.550246
0.547075
0.545168
0.52845
0.191323
0.0745177
0.0458707
0.0349155
0.0274678
0.0224789
0.0209294
0.043725
0.0747448
0.100562
0.121566
0.136105
0.148223
0.15912
0.159601
0.158773
0.155869
0.154729
0.151247
0.1517
0.151208
0.107196
0.0501668
0.0297949
0.0213802
0.0166913
0.0138392
0.0125701
0.012127
0.0115391
0.0110751
0.0110948
0.0111435
0.0109501
0.0107127
0.010458
0.00838848
0.00706764
0.00665685
0.00687827
0.00672367
0.00632698
0.00752239
0.0985862
0.202488
0.291442
0.360438
0.420878
0.454053
0.473267
0.470518
0.498176
0.533541
0.541105
0.524192
0.532576
0.534235
0.296765
0.0854899
0.0388636
0.023932
0.0179593
0.0145642
0.0125246
0.0205388
0.049418
0.0746234
0.096104
0.105917
0.118045
0.129231
0.136721
0.151074
0.159208
0.16551
0.176276
0.189304
0.191181
0.181038
0.119185
0.0828844
0.0629806
0.0498159
0.0413152
0.0350756
0.0319964
0.0290773
0.0272785
0.0262619
0.0254336
0.0248655
0.0240107
0.0237355
0.0232051
0.0230344
0.0228542
0.0228795
0.0227274
0.0228808
0.0229289
0.0643487
0.179551
0.279348
0.3623
0.427623
0.484682
0.53449
0.576289
0.620326
0.649615
0.671525
0.707587
0.729713
0.7248
0.66252
0.219657
0.0964817
0.0642318
0.0528175
0.0457081
0.0406683
0.0373774
0.0631184
0.0910561
0.113676
0.134311
0.155141
0.164373
0.172372
0.181085
0.188569
0.193973
0.194508
0.189601
0.18818
0.187944
0.144177
0.093709
0.0689689
0.0545367
0.0450945
0.0388554
0.0338812
0.0303377
0.0283228
0.0267081
0.0255239
0.0251647
0.0245102
0.0239711
0.0237477
0.0203389
0.0175141
0.0156156
0.014283
0.0132879
0.0126568
0.0142462
0.111842
0.212989
0.295077
0.35574
0.406318
0.443514
0.472013
0.485907
0.501004
0.508806
0.520348
0.525348
0.529498
0.532332
0.299923
0.100647
0.0530608
0.0374216
0.0294219
0.0243745
0.0213477
0.0304163
0.0585403
0.0818011
0.0990973
0.111873
0.120462
0.127143
0.131542
0.135831
0.139589
0.142812
0.143017
0.143659
0.143789
0.139065
0.0515047
0.0216308
0.01279
0.00924312
0.00758015
0.00696209
0.00682928
0.00991904
0.0131263
0.0154972
0.0171305
0.0182761
0.019339
0.0200579
0.021027
0.0214024
0.0217671
0.0221801
0.0225461
0.0228397
0.0231653
0.0699405
0.184997
0.297168
0.401671
0.486982
0.543591
0.585179
0.575024
0.556402
0.545611
0.540301
0.536137
0.527535
0.522494
0.494161
0.237888
0.142078
0.100196
0.0787397
0.064388
0.0551859
0.0505836
0.0770224
0.10783
0.137826
0.165317
0.186674
0.209899
0.231066
0.192509
0.174729
0.164286
0.157219
0.147483
0.143352
0.141407
0.107051
0.0744176
0.0584635
0.0499847
0.0440103
0.0393686
0.0359065
0.0703329
0.177924
0.277117
0.363192
0.431595
0.481285
0.526716
0.540326
0.528036
0.521096
0.515742
0.515241
0.511067
0.507748
0.496742
0.184092
0.0720925
0.045036
0.0335145
0.0262486
0.0229439
0.0200004
0.0439396
0.074967
0.100892
0.121058
0.136849
0.145203
0.150877
0.144051
0.158138
0.170138
0.179504
0.182657
0.183239
0.182465
0.138018
0.0885353
0.0653169
0.0539091
0.0468204
0.0414884
0.0375808
0.0321602
0.0229748
0.0174327
0.0142225
0.0122916
0.0112213
0.0106711
0.0108987
0.015325
0.0196293
0.0233303
0.0264615
0.028651
0.0303272
0.0328763
0.126192
0.26581
0.40241
0.496155
0.523228
0.529979
0.534269
0.525224
0.537796
0.541371
0.539201
0.535213
0.532479
0.526967
0.497879
0.505219
0.516283
0.529022
0.533153
0.529731
0.532473
0.498901
0.487459
0.480515
0.472414
0.468405
0.46529
0.463577
0.40291
0.115044
0.0582365
0.0512037
0.0474982
0.0447024
0.0427211
0.0423044
0.0699709
0.0944119
0.11666
0.143911
0.150979
0.164442
0.17581
0.163681
0.173369
0.180596
0.18831
0.190076
0.194472
0.19704
0.119163
0.0494472
0.028754
0.0212614
0.0172419
0.0147428
0.0131437
0.0121301
0.0115395
0.0112209
0.0110411
0.0108991
0.0107413
0.010684
0.0114434
0.0141741
0.016104
0.0177165
0.0187994
0.0196256
0.0204236
0.0300107
0.138355
0.231863
0.316637
0.36213
0.40312
0.453724
0.486407
0.483524
0.519829
0.546082
0.554308
0.557495
0.563313
0.567738
0.289476
0.122352
0.0764518
0.0592872
0.0496246
0.0425711
0.0395127
0.0506761
0.0781837
0.105186
0.122894
0.13441
0.151458
0.160847
0.156743
0.164039
0.169819
0.176607
0.182657
0.18662
0.18896
0.185705
0.124066
0.0878459
0.0676317
0.0553607
0.0481714
0.0431302
0.0384106
0.0351808
0.034996
0.0339894
0.033632
0.0337336
0.03357
0.0335938
0.0326762
0.0326079
0.0328383
0.0330033
0.0333726
0.0327484
0.03276
0.094913
0.203633
0.308747
0.392867
0.461196
0.523337
0.57719
0.590284
0.5833
0.571568
0.561581
0.551454
0.544038
0.54415
0.453669
0.146988
0.0633667
0.042183
0.0323849
0.0256291
0.0219458
0.0226449
0.0514297
0.0819141
0.105588
0.125508
0.138901
0.151755
0.159533
0.15883
0.157766
0.155169
0.153325
0.152121
0.152047
0.151077
0.0892752
0.0435977
0.0266232
0.019755
0.0160943
0.0135813
0.012245
0.011815
0.0115793
0.0111724
0.0108899
0.0110014
0.0111258
0.0107913
0.00956042
0.00822542
0.00716679
0.00652878
0.00655045
0.00681414
0.00657209
0.0175855
0.124804
0.225938
0.309553
0.375273
0.431333
0.458762
0.479323
0.473932
0.506788
0.539016
0.539617
0.525856
0.532622
0.537418
0.213413
0.0670722
0.0340884
0.0219962
0.016797
0.0141218
0.0122297
0.0277137
0.0559635
0.0801349
0.098928
0.108728
0.121091
0.130858
0.139737
0.153113
0.161829
0.166759
0.180233
0.190241
0.191364
0.164424
0.108136
0.0770391
0.0591191
0.0473839
0.0393876
0.0343484
0.0312288
0.0288013
0.0270024
0.0258663
0.025105
0.0246089
0.0242579
0.0235493
0.0230797
0.0228392
0.0228218
0.0229975
0.0230349
0.0227886
0.0228222
0.0921297
0.206331
0.301327
0.378977
0.4382
0.498837
0.54485
0.587687
0.627302
0.656366
0.681706
0.716454
0.728641
0.72483
0.531379
0.170549
0.0850322
0.0603445
0.0508467
0.0443581
0.0396353
0.0407656
0.0699921
0.0974069
0.118326
0.139812
0.158111
0.166177
0.174651
0.183789
0.18986
0.195008
0.192674
0.189617
0.187677
0.18817
0.12847
0.0857372
0.0648507
0.0519489
0.0433045
0.0376402
0.0329061
0.0297539
0.0279038
0.0263373
0.025358
0.0249557
0.0243573
0.0239308
0.023056
0.0195117
0.0169774
0.0152262
0.0140294
0.0131334
0.0125047
0.0307595
0.137983
0.235603
0.312204
0.370443
0.41505
0.4525
0.471984
0.488749
0.502247
0.512607
0.525605
0.525762
0.530008
0.535633
0.225025
0.081218
0.0481078
0.0352592
0.0277643
0.023544
0.0208005
0.0374384
0.0648907
0.0864428
0.102249
0.114284
0.122481
0.128199
0.132087
0.136996
0.140611
0.142849
0.142844
0.14374
0.144178
0.116567
0.0397355
0.0185709
0.0115925
0.00867199
0.00744845
0.0068903
0.00727403
0.0108019
0.0137511
0.0159871
0.0174523
0.0185117
0.0195201
0.020334
0.0210109
0.0214504
0.021826
0.022201
0.0225776
0.022975
0.0229196
0.0214157
0.0214353
0.0214762
0.021517
0.0215574
0.0215974
0.021637
0.0216762
0.021715
0.0217534
0.0217914
0.0218291
0.0218663
0.0219033
0.0219398
0.0219759
0.0220118
0.0220472
0.0220823
0.022117
0.0221514
0.0221855
0.0222192
0.0222526
0.0222856
0.0223183
0.0223507
0.0223828
0.0224145
0.0224459
0.022477
0.0225078
0.0225383
0.0225685
0.0225984
0.022628
0.0226573
0.0226863
0.022715
0.0227434
0.0227715
0.0227994
0.022827
0.0228543
0.0228813
0.022908
0.0229345
0.0229608
0.0229867
0.0230124
0.0230379
0.0230631
0.023088
0.0231127
0.0231371
0.0231613
0.0231853
0.023209
0.0232325
0.0232557
